50000432.000	1.852
50100836.000	1.852
50200245.000	1.852
50300657.000	1.848
50401059.000	1.854
50500485.000	1.853
50600880.000	1.853
50700286.000	1.852
50800702.000	1.858
50901104.000	1.855
51000490.000	1.844
51100868.000	1.849
51200248.000	1.855
51300633.000	1.856
51401019.000	1.853
51500407.000	1.854
51600792.000	1.847
51701191.000	1.852
51800590.000	1.849
51901011.000	1.847
52000404.000	1.849
52100798.000	1.852
52201181.000	1.851
52300560.000	1.857
52400941.000	1.846
52500313.000	1.853
52600706.000	1.850
52701096.000	1.849
52800525.000	1.854
52901104.000	1.844
53000519.000	1.850
53100990.000	1.852
53200382.000	1.866
53300757.000	1.981
53401133.000	2.083
53500505.000	2.186
53600896.000	2.307
53700283.000	2.425
53800661.000	2.535
53901060.000	2.650
54000455.000	2.771
54100839.000	2.879
54200234.000	2.992
54300633.000	3.101
54401037.000	3.206
54500418.000	3.312
54600784.000	3.434
54701188.000	3.538
54800573.000	3.642
54900954.000	3.756
55000350.000	3.862
55100737.000	3.973
55201115.000	4.080
55300495.000	4.183
55400887.000	4.282
55500283.000	4.385
55600664.000	4.479
55701050.000	4.578
55800432.000	4.672
55900829.000	4.761
56000340.000	4.853
56100727.000	4.940
56201114.000	5.024
56300507.000	5.101
56400893.000	5.184
56500285.000	5.257
56600679.000	5.322
56701076.000	5.388
56800465.000	5.457
56900841.000	5.509
57000220.000	5.578
57100597.000	5.683
57200985.000	5.702
57300408.000	5.706
57400800.000	5.705
57501200.000	5.698
57600584.000	5.699
57700958.000	5.702
57800339.000	5.702
57900729.000	5.701
58001117.000	5.697
58100510.000	5.699
58200901.000	5.702
58300272.000	5.700
58400739.000	5.701
58501035.000	5.700
58600422.000	5.695
58700808.000	5.697
58801195.000	5.700
58900577.000	5.698
59000957.000	5.698
59100344.000	5.700
59200745.000	5.696
59301138.000	5.701
59400522.000	5.698
59500914.000	5.700
59600302.000	5.701
59700693.000	5.695
59801082.000	5.694
59900463.000	5.698
60000862.000	5.696
60100258.000	5.700
60200650.000	5.701
60301074.000	5.695
60400458.000	5.695
60500851.000	5.701
60600235.000	5.699
60700628.000	5.694
60801015.000	5.698
60900391.000	5.701
61000782.000	5.697
61101166.000	5.695
61200547.000	5.696
61300939.000	5.697
61400321.000	5.696
61500698.000	5.702
61601077.000	5.705
61700447.000	5.702
61800832.000	5.699
61900222.000	5.698
62000606.000	5.695
62100997.000	5.697
62200399.000	5.698
62300801.000	5.698
62400316.000	5.696
62601086.000	5.697
62700485.000	5.705
62800872.000	5.703
62900250.000	5.701
63000647.000	5.704
63101029.000	5.698
63200408.000	5.701
63300790.000	5.704
63401175.000	5.698
63500560.000	5.703
63600970.000	5.705
63700407.000	5.697
63800801.000	5.698
63901198.000	5.704
64000589.000	5.697
64100970.000	5.705
64200348.000	5.706
64300735.000	5.704
64401133.000	5.704
64500522.000	5.703
64600911.000	5.699
64700296.000	5.700
64800680.000	5.708
64901078.000	5.705
65000473.000	5.700
65100861.000	5.702
65200236.000	5.706
65300622.000	5.705
65401012.000	5.705
65500397.000	5.700
65600774.000	5.706
65701154.000	5.708
65800529.000	5.701
65900927.000	5.708
66000318.000	5.700
66100711.000	5.710
66201101.000	5.700
66300554.000	5.707
66400938.000	5.709
66500377.000	5.708
66601062.000	5.702
66700483.000	5.706
66800894.000	5.703
66900283.000	5.702
67000683.000	5.709
67101075.000	5.705
67200460.000	5.707
67300857.000	5.705
67400257.000	5.707
67500642.000	5.711
67601024.000	5.701
67700411.000	5.707
67800786.000	5.702
67901190.000	5.703
68000592.000	5.711
68100986.000	5.707
68200379.000	5.708
68300765.000	5.703
68401149.000	5.703
68500556.000	5.710
68600941.000	5.712
68700321.000	5.706
68800706.000	5.704
68901099.000	5.704
69000474.000	5.713
69100868.000	5.710
69200254.000	5.707
69300634.000	5.709
69401031.000	5.709
69500431.000	5.707
69600826.000	5.705
69701204.000	5.703
69800650.000	5.710
69901043.000	5.707
70000453.000	5.705
70100894.000	5.710
70200408.000	5.712
70300771.000	5.709
70401161.000	5.710
70500538.000	5.707
70600921.000	5.708
70700311.000	5.716
70800699.000	5.712
70901075.000	5.709
71000472.000	5.710
71100856.000	5.711
71200243.000	5.705
71300640.000	5.705
71401048.000	5.712
71500512.000	5.712
71600906.000	5.711
71700289.000	5.712
71800720.000	5.711
71901107.000	5.712
72000503.000	5.712
72100902.000	5.714
72200311.000	5.713
72300702.000	5.712
72401084.000	5.709
72500464.000	5.712
72600846.000	5.711
72700229.000	5.715
72800621.000	5.707
72901019.000	5.714
73000403.000	5.714
73100822.000	5.717
73201208.000	5.711
73300595.000	5.715
73400994.000	5.716
73500378.000	5.715
73600757.000	5.710
73701143.000	5.718
73800528.000	5.713
73900932.000	5.712
74000323.000	5.709
74100722.000	5.717
74201128.000	5.714
74300521.000	5.714
74400899.000	5.717
74500300.000	5.710
74600693.000	5.709
74701071.000	5.718
74800446.000	5.712
74900838.000	5.713
75000224.000	5.713
75100615.000	5.713
75201017.000	5.715
75300422.000	5.706
75400812.000	5.715
75501206.000	5.710
75600593.000	5.720
75700972.000	5.719
75800343.000	5.711
75900749.000	5.715
76001136.000	5.710
76100540.000	5.714
76200929.000	5.717
76300310.000	5.713
76400696.000	5.715
76501081.000	5.720
76600473.000	5.715
76700860.000	5.719
76800252.000	5.711
76900640.000	5.719
77001036.000	5.716
77100440.000	5.716
77200815.000	5.719
77301196.000	5.716
77400587.000	5.712
77500979.000	5.714
77600367.000	5.713
77700758.000	5.718
77801150.000	5.712
77900557.000	5.715
78001131.000	5.717
78100544.000	5.718
78200931.000	5.714
78300325.000	5.717
78400729.000	5.720
78501117.000	5.717
78600508.000	5.714
78700890.000	5.713
78800270.000	5.713
78900643.000	5.713
79001033.000	5.712
79100419.000	5.713
79200798.000	5.719
79301173.000	5.714
79400568.000	5.711
79500968.000	5.716
79600397.000	5.719
79700772.000	5.720
79801146.000	5.719
79900524.000	5.713
80000909.000	5.720
80100307.000	5.719
80200711.000	5.721
80301157.000	5.719
80400541.000	5.719
80500918.000	5.715
80600294.000	5.713
80700674.000	5.716
80801068.000	5.716
80900486.000	5.715
81000888.000	5.720
81100298.000	5.719
81200711.000	5.720
81301100.000	5.713
81400479.000	5.718
81500856.000	5.713
81600247.000	5.717
81700637.000	5.723
81801032.000	5.715
81900423.000	5.716
82000810.000	5.715
82101212.000	5.715
82200691.000	5.718
82301222.000	5.721
82400642.000	5.717
82501041.000	5.719
82600440.000	5.717
82700839.000	5.713
82800223.000	5.719
82900708.000	5.713
83000274.000	5.719
83100656.000	5.717
83201040.000	5.718
83300437.000	5.715
83400822.000	5.721
83501206.000	5.715
83600600.000	5.719
83700999.000	5.721
83800507.000	5.722
83900910.000	5.720
84000334.000	5.717
84100748.000	5.723
84201146.000	5.721
84300541.000	5.717
84400991.000	5.725
84500383.000	5.720
84600767.000	5.724
84701153.000	5.721
84800548.000	5.718
84900942.000	5.717
85000332.000	5.726
85100705.000	5.722
85201090.000	5.720
85300491.000	5.719
85400880.000	5.722
85500255.000	5.724
85600656.000	5.716
85701063.000	5.723
85800438.000	5.722
85900830.000	5.716
86001220.000	5.723
86100602.000	5.717
86200993.000	5.723
86300393.000	5.720
86400776.000	5.719
86501163.000	5.721
86600554.000	5.719
86700936.000	5.718
86800315.000	5.724
86900691.000	5.722
87001079.000	5.716
87100463.000	5.717
87200846.000	5.719
87300247.000	5.726
87400635.000	5.724
87501015.000	5.727
87600393.000	5.723
87700779.000	5.723
87801158.000	5.724
87900533.000	5.717
88000930.000	5.718
88100335.000	5.719
88200721.000	5.723
88301114.000	5.718
88400497.000	5.718
88500881.000	5.720
88600276.000	5.720
88700679.000	5.727
88801067.000	5.725
88900440.000	5.722
89000821.000	5.716
89101203.000	5.717
89200585.000	5.719
89300996.000	5.724
89400396.000	5.724
89500772.000	5.725
89601156.000	5.721
89700538.000	5.720
89800923.000	5.720
89900293.000	5.725
90000688.000	5.727
90101087.000	5.724
90200485.000	5.724
90300867.000	5.726
90400249.000	5.721
90500638.000	5.723
90601033.000	5.720
90700428.000	5.719
90800812.000	5.719
90901194.000	5.718
91000579.000	5.721
91100977.000	5.720
91200410.000	5.722
91300799.000	5.724
91401182.000	5.722
91500567.000	5.720
91600948.000	5.723
91700336.000	5.726
91800730.000	5.727
91901132.000	5.724
92000522.000	5.727
92100912.000	5.723
92200306.000	5.723
92300686.000	5.724
92401084.000	5.726
92500471.000	5.725
92600851.000	5.725
92700249.000	5.723
92800650.000	5.719
92901031.000	5.725
93000407.000	5.722
93100789.000	5.723
93300642.000	5.728
93401034.000	5.722
93500421.000	5.721
93600807.000	5.723
93701202.000	5.720
93800599.000	5.719
93900989.000	5.720
94000386.000	5.725
94100795.000	5.727
94201182.000	5.721
94300538.000	5.720
94400940.000	5.722
94500326.000	5.727
94600704.000	5.727
94701089.000	5.727
94800466.000	5.724
94900856.000	5.725
95000236.000	5.726
95100614.000	5.721
95200986.000	5.727
95300379.000	5.720
95400772.000	5.724
95501150.000	5.727
95600518.000	5.727
95700961.000	5.726
95800342.000	5.724
95900721.000	5.720
96001118.000	5.724
96100508.000	5.724
96200901.000	5.720
96300307.000	5.720
96400702.000	5.720
96501101.000	5.725
96600486.000	5.723
96700871.000	5.725
96800273.000	5.721
96900663.000	5.725
97001036.000	5.726
97100411.000	5.728
97200785.000	5.727
97301176.000	5.723
97400576.000	5.729
97500962.000	5.728
97600350.000	5.723
97700750.000	5.720
97801136.000	5.726
97900516.000	5.721
98000898.000	5.727
98100293.000	5.723
98200692.000	5.720
98301124.000	5.720
98400513.000	5.728
98500915.000	5.728
98600316.000	5.728
98700703.000	5.724
98801085.000	5.726
98900465.000	5.720
99000856.000	5.728
99100234.000	5.729
99200622.000	5.725
99301010.000	5.721
99400426.000	5.726
99500809.000	5.723
99601198.000	5.725
99700595.000	5.726
99800980.000	5.721
99900371.000	5.727
100000756.000	5.730
100101138.000	5.731
100200523.000	5.723
100300915.000	5.726
100400297.000	5.721
100500672.000	5.728
100601065.000	5.729
100700453.000	5.723
100800839.000	5.728
100901225.000	5.723
101000605.000	5.725
101100992.000	5.722
101200372.000	5.727
101300759.000	5.719
101401152.000	5.727
101500534.000	5.722
101600912.000	5.722
101700284.000	5.729
101800668.000	5.723
101901066.000	5.730
102000470.000	5.720
102100875.000	5.723
102200282.000	5.726
102300688.000	5.728
102401096.000	5.722
102500510.000	5.729
102600900.000	5.726
102700265.000	5.730
102800697.000	5.725
102901076.000	5.727
103000450.000	5.729
103100855.000	5.721
103200318.000	5.727
103300696.000	5.721
103401073.000	5.728
103500456.000	5.724
103600856.000	5.724
103700247.000	5.724
103800633.000	5.728
103901027.000	5.731
104000448.000	5.727
104100834.000	5.725
104201213.000	5.725
104300591.000	5.723
104400971.000	5.731
104500350.000	5.728
104600730.000	5.727
104701113.000	5.730
104800495.000	5.722
104900886.000	5.722
105000267.000	5.727
105100647.000	5.723
105201036.000	5.731
105300459.000	5.729
105400859.000	5.729
105500277.000	5.723
105600697.000	5.732
105701083.000	5.727
105800467.000	5.731
105900855.000	5.729
106000237.000	5.724
106100622.000	5.723
106201004.000	5.730
106300390.000	5.723
106400792.000	5.724
106501180.000	5.724
106600569.000	5.724
106700964.000	5.727
106800359.000	5.722
106900741.000	5.724
107001122.000	5.730
107100502.000	5.724
107200894.000	5.725
107300278.000	5.729
107400677.000	5.730
107501074.000	5.728
107600467.000	5.728
107700851.000	5.733
107800239.000	5.732
107900631.000	5.729
108001035.000	5.726
108100427.000	5.728
108200809.000	5.730
108301197.000	5.728
108400583.000	5.732
108500964.000	5.728
108600360.000	5.725
108700752.000	5.728
108801131.000	5.725
108900520.000	5.724
109000907.000	5.727
109100282.000	5.729
109200664.000	5.726
109301055.000	5.731
109400446.000	5.731
109500836.000	5.728
109600223.000	5.724
109700604.000	5.724
109800990.000	5.734
109900391.000	5.730
110000828.000	5.729
110100239.000	5.726
110200665.000	5.724
110301079.000	5.731
110400486.000	5.729
110500877.000	5.727
110600277.000	5.731
110700668.000	5.725
110801058.000	5.728
110900443.000	5.731
111000832.000	5.728
111101243.000	5.730
111200640.000	5.730
111301023.000	5.726
111400435.000	5.731
111500823.000	5.731
111601198.000	5.726
111700578.000	5.732
111800958.000	5.724
111900341.000	5.723
112000736.000	5.731
112101123.000	5.732
112200505.000	5.725
112300896.000	5.723
112400282.000	5.732
112500662.000	5.724
112601039.000	5.730
112700433.000	5.730
112800827.000	5.724
112901206.000	5.732
113000585.000	5.728
113100969.000	5.728
113200358.000	5.734
113300744.000	5.733
113401139.000	5.730
113500547.000	5.732
113600940.000	5.726
113700340.000	5.735
113800731.000	5.729
113901126.000	5.726
114000519.000	5.732
114100911.000	5.724
114200307.000	5.733
114300698.000	5.733
114401092.000	5.728
114500481.000	5.729
114600998.000	5.730
114700405.000	5.732
114800794.000	5.733
114901169.000	5.730
115000547.000	5.733
115100925.000	5.726
115200321.000	5.733
115300706.000	5.732
115401086.000	5.732
115500476.000	5.732
115600867.000	5.729
115700248.000	5.723
115800629.000	5.725
115901020.000	5.724
116000423.000	5.727
116100827.000	5.728
116201211.000	5.732
116300601.000	5.726
116400997.000	5.724
116500379.000	5.724
116600756.000	5.728
116701136.000	5.729
116800518.000	5.725
116900908.000	5.731
117000292.000	5.728
117100681.000	5.724
117201081.000	5.732
117300512.000	5.730
117400896.000	5.731
117500280.000	5.731
117600724.000	5.727
117701106.000	5.724
117800478.000	5.728
117900859.000	5.721
118000257.000	5.723
118100647.000	5.732
118201028.000	5.732
118300420.000	5.725
118400800.000	5.732
118501189.000	5.729
118600594.000	5.728
118701011.000	5.733
118800400.000	5.728
118900779.000	5.724
119001169.000	5.732
119100567.000	5.722
119200948.000	5.733
119300341.000	5.732
119400724.000	5.725
119501109.000	5.731
119600487.000	5.724
119700875.000	5.724
119800261.000	5.732
119900645.000	5.730
120001029.000	5.723
120100445.000	5.729
120200856.000	5.727
120300257.000	5.730
120400672.000	5.728
120501074.000	5.731
120600463.000	5.728
120700838.000	5.730
120801218.000	5.723
120900613.000	5.724
121001015.000	5.731
121100413.000	5.732
121200815.000	5.723
121301206.000	5.728
121400601.000	5.729
121501018.000	5.726
121600410.000	5.724
121700802.000	5.732
121801179.000	5.724
121900556.000	5.726
122000939.000	5.724
122100325.000	5.730
122200705.000	5.727
122301091.000	5.732
122400490.000	5.726
122500887.000	5.729
122600282.000	5.729
122700670.000	5.725
122801051.000	5.725
122900442.000	5.731
123000833.000	5.726
123100197.000	5.725
123200578.000	5.725
123300959.000	5.730
123400337.000	5.730
123500775.000	5.729
123601154.000	5.724
123700534.000	5.729
123800909.000	5.727
123900292.000	5.724
124000676.000	5.726
124101057.000	5.726
124200444.000	5.729
124300833.000	5.728
124500630.000	5.730
124500630.000	5.730
124700424.000	5.732
124800808.000	5.726
124800808.000	5.726
125000570.000	5.729
125100971.000	5.732
125200367.000	5.724
125300764.000	5.729
125401166.000	5.725
125500545.000	5.732
125600916.000	5.726
125700295.000	5.729
125800672.000	5.733
125901062.000	5.731
126000458.000	5.726
126100875.000	5.725
126200265.000	5.733
126300686.000	5.724
126401063.000	5.730
126500437.000	5.730
126600816.000	5.724
126701192.000	5.728
126800652.000	5.732
126901049.000	5.732
127000436.000	5.730
127100816.000	5.728
127201211.000	5.727
127300589.000	5.733
127400984.000	5.727
127500396.000	5.725
127600792.000	5.732
127700229.000	5.732
127800620.000	5.732
127901009.000	5.729
128000392.000	5.731
128100787.000	5.725
128201176.000	5.724
128300555.000	5.729
128400936.000	5.729
128500318.000	5.731
128600703.000	5.729
128701097.000	5.726
128800500.000	5.732
128900884.000	5.732
129000319.000	5.732
129100732.000	5.725
129201118.000	5.728
129300505.000	5.723
129400905.000	5.725
129500306.000	5.728
129600690.000	5.732
129701080.000	5.728
129800466.000	5.728
129900857.000	5.727
130000241.000	5.731
130100636.000	5.731
130201021.000	5.723
130300396.000	5.732
130400796.000	5.730
130501179.000	5.727
130600588.000	5.732
130700982.000	5.727
130800385.000	5.732
130900775.000	5.729
131001156.000	5.731
131100554.000	5.727
131200946.000	5.735
131300329.000	5.725
131400718.000	5.731
131501112.000	5.733
131600507.000	5.725
131700932.000	5.726
131800335.000	5.733
131900740.000	5.734
132001123.000	5.726
132100505.000	5.730
132200884.000	5.733
132300269.000	5.732
132400653.000	5.734
132501045.000	5.726
132600428.000	5.724
132700805.000	5.729
132801180.000	5.725
132900554.000	5.725
133000932.000	5.730
133100342.000	5.727
133200719.000	5.729
133301103.000	5.731
133400494.000	5.726
133500883.000	5.725
133600282.000	5.728
133700668.000	5.731
133801050.000	5.727
133900496.000	5.731
134000908.000	5.728
134100300.000	5.729
134200682.000	5.726
134301082.000	5.729
134400488.000	5.725
134500895.000	5.730
134600292.000	5.727
134700673.000	5.730
134801071.000	5.731
134900460.000	5.727
135000855.000	5.726
135100257.000	5.727
135200660.000	5.733
135301092.000	5.729
135400489.000	5.731
135500884.000	5.731
135600256.000	5.732
135700636.000	5.732
135801034.000	5.731
135900446.000	5.730
136000855.000	5.728
136100247.000	5.732
136200643.000	5.726
136301077.000	5.729
136400468.000	5.732
136500883.000	5.727
136600248.000	5.727
136700638.000	5.729
136801031.000	5.730
136900437.000	5.728
137000824.000	5.725
137101206.000	5.732
137200597.000	5.727
137300992.000	5.730
137400386.000	5.731
137500774.000	5.732
137601159.000	5.728
137700556.000	5.728
137800938.000	5.732
137900327.000	5.727
138000729.000	5.731
138101131.000	5.733
138200513.000	5.732
138300898.000	5.732
138400280.000	5.729
138500660.000	5.735
138601041.000	5.726
138700419.000	5.734
138800804.000	5.730
138901226.000	5.725
139000619.000	5.732
139100998.000	5.727
139200350.000	5.734
139300789.000	5.731
139401183.000	5.728
139500575.000	5.727
139600973.000	5.729
139700357.000	5.724
139800739.000	5.726
139901135.000	5.728
140000543.000	5.731
140100932.000	5.729
140200319.000	5.726
140300719.000	5.727
140401117.000	5.725
140500525.000	5.724
140600936.000	5.727
140700338.000	5.732
140800764.000	5.730
140901158.000	5.733
141000553.000	5.729
141100952.000	5.735
141200337.000	5.733
141300724.000	5.729
141401111.000	5.736
141500527.000	5.731
141600937.000	5.727
141700365.000	5.735
141800775.000	5.732
141901158.000	5.732
142000558.000	5.733
142100949.000	5.734
142200378.000	5.731
142300934.000	5.728
142400401.000	5.731
142500793.000	5.734
142601177.000	5.726
142700557.000	5.729
142800946.000	5.731
142900328.000	5.727
143000705.000	5.726
143101094.000	5.726
143200494.000	5.726
143300889.000	5.734
143400279.000	5.730
143500662.000	5.726
143601058.000	5.728
143700448.000	5.730
143800844.000	5.727
143900251.000	5.734
144000645.000	5.733
144101045.000	5.727
144200455.000	5.733
144300853.000	5.730
144400238.000	5.734
144500622.000	5.728
144601009.000	5.734
144700404.000	5.728
144800795.000	5.735
144901179.000	5.730
145000550.000	5.735
145100953.000	5.731
145200353.000	5.732
145300737.000	5.726
145400328.000	5.734
145500725.000	5.733
145601107.000	5.729
145700485.000	5.734
145800859.000	5.728
145900236.000	5.728
146000633.000	5.727
146101036.000	5.731
146200421.000	5.726
146300804.000	5.729
146401188.000	5.733
146500582.000	5.727
146600967.000	5.732
146700343.000	5.726
146800707.000	5.733
146901093.000	5.735
147000472.000	5.734
147100846.000	5.730
147200229.000	5.725
147300628.000	5.726
147401016.000	5.726
147500400.000	5.734
147600779.000	5.733
147701160.000	5.734
147800547.000	5.731
147900946.000	5.736
148000335.000	5.728
148100723.000	5.736
148201113.000	5.728
148300500.000	5.734
148400890.000	5.734
148500270.000	5.730
148600681.000	5.729
148701081.000	5.728
148800470.000	5.726
148900863.000	5.732
149000240.000	5.732
149100628.000	5.728
149201028.000	5.725
149300408.000	5.734
149400791.000	5.726
149501211.000	5.730
149600630.000	5.729
149701016.000	5.732
149800393.000	5.732
149900773.000	5.727
150001170.000	5.729
150100565.000	5.735
150200962.000	5.731
150300345.000	5.724
150400723.000	5.731
150501101.000	5.734
150600486.000	5.728
150700872.000	5.727
150800251.000	5.734
150900649.000	5.730
151001021.000	5.733
151100412.000	5.732
151200802.000	5.728
151301200.000	5.732
151400590.000	5.732
151500977.000	5.732
151600356.000	5.727
151700745.000	5.725
151801145.000	5.725
151900534.000	5.728
152000920.000	5.727
152100333.000	5.729
152200720.000	5.728
152301074.000	5.732
152400481.000	5.727
152500853.000	5.731
152600292.000	5.731
152700673.000	5.724
152801064.000	5.730
152900456.000	5.726
153000842.000	5.732
153100219.000	5.725
153200600.000	5.731
153300983.000	5.727
153400372.000	5.726
153500765.000	5.728
153601152.000	5.727
153700543.000	5.726
153800904.000	5.733
153900310.000	5.728
154000697.000	5.733
154101078.000	5.729
154200472.000	5.726
154300861.000	5.729
154400240.000	5.731
154500634.000	5.735
154601017.000	5.727
154700401.000	5.734
154800781.000	5.725
154901171.000	5.735
155000558.000	5.729
155100943.000	5.733
155200331.000	5.729
155300716.000	5.726
155401092.000	5.732
155500488.000	5.726
155600886.000	5.732
155700286.000	5.733
155800673.000	5.734
155901051.000	5.734
156000447.000	5.726
156100840.000	5.734
156200221.000	5.734
156300615.000	5.733
156401045.000	5.729
156500440.000	5.730
156600814.000	5.729
156701197.000	5.731
156800579.000	5.726
156900961.000	5.734
157000345.000	5.733
157100727.000	5.732
157201118.000	5.730
157300510.000	5.727
157400904.000	5.731
157500286.000	5.732
157600703.000	5.727
157701083.000	5.729
157800496.000	5.727
157900909.000	5.732
158000316.000	5.727
158100706.000	5.728
158300507.000	5.731
158300507.000	5.731
158400881.000	5.733
158600638.000	5.728
158701036.000	5.733
158800424.000	5.734
158900799.000	5.734
159001178.000	5.727
159100598.000	5.727
159200997.000	5.729
159300406.000	5.731
159400799.000	5.731
159500263.000	5.726
159600660.000	5.726
159701050.000	5.734
159800449.000	5.733
159900835.000	5.733
160001220.000	5.734
160100607.000	5.733
160200994.000	5.733
160300377.000	5.728
160400755.000	5.729
160501149.000	5.735
160600535.000	5.733
160700916.000	5.731
160800303.000	5.734
160900707.000	5.732
161001090.000	5.731
161100477.000	5.726
161200875.000	5.729
161300263.000	5.730
161400656.000	5.732
161501038.000	5.729
161600418.000	5.726
161700799.000	5.735
161801190.000	5.735
161900580.000	5.733
162000980.000	5.731
162100373.000	5.728
162200758.000	5.736
162301146.000	5.737
162400549.000	5.736
162500931.000	5.727
162600304.000	5.735
162700695.000	5.729
162801078.000	5.734
162900457.000	5.732
163000835.000	5.728
163100201.000	5.731
163200589.000	5.728
163300993.000	5.735
163400442.000	5.735
163500832.000	5.727
163600217.000	5.730
163700605.000	5.736
163800982.000	5.733
163900364.000	5.729
164000765.000	5.727
164101169.000	5.732
164200551.000	5.735
164300947.000	5.734
164400348.000	5.735
164500747.000	5.735
164601134.000	5.728
164700508.000	5.734
164800890.000	5.728
164900275.000	5.732
165000666.000	5.736
165101050.000	5.737
165200402.000	5.735
165300836.000	5.731
165401219.000	5.735
165500614.000	5.734
165601015.000	5.733
165700401.000	5.728
165800793.000	5.737
165901190.000	5.735
166000595.000	5.734
166100975.000	5.735
166200368.000	5.735
166300756.000	5.734
166401145.000	5.731
166500527.000	5.737
166600937.000	5.730
166700340.000	5.737
166800715.000	5.730
166901094.000	5.726
167000480.000	5.728
167100860.000	5.729
167200248.000	5.728
167300636.000	5.735
167401030.000	5.729
167500427.000	5.730
167600828.000	5.732
167701230.000	5.731
167800617.000	5.732
167900997.000	5.728
168000378.000	5.732
168100761.000	5.728
168201189.000	5.730
168300581.000	5.731
168400971.000	5.733
168500352.000	5.736
168600742.000	5.734
168701128.000	5.737
168800498.000	5.730
168900889.000	5.729
169000284.000	5.735
169100671.000	5.727
169201053.000	5.734
169300484.000	5.734
169400865.000	5.734
169500262.000	5.731
169600645.000	5.736
169701036.000	5.735
169800433.000	5.728
169900818.000	5.728
170001214.000	5.731
170100608.000	5.737
170200990.000	5.730
170300378.000	5.736
170400766.000	5.729
170501155.000	5.736
170600540.000	5.728
170700948.000	5.734
170800329.000	5.731
170900696.000	5.726
171001131.000	5.729
171100529.000	5.734
171200914.000	5.728
171300291.000	5.727
171400669.000	5.736
171501059.000	5.730
171600453.000	5.732
171700841.000	5.730
171800219.000	5.726
171900594.000	5.733
172001006.000	5.736
172100413.000	5.731
172200778.000	5.737
172301181.000	5.732
172400565.000	5.729
172500947.000	5.732
172600321.000	5.727
172700699.000	5.734
172801091.000	5.730
172900460.000	5.737
173000850.000	5.730
173100234.000	5.727
173200612.000	5.732
173300998.000	5.729
173400389.000	5.736
173500783.000	5.730
173601222.000	5.730
173700622.000	5.737
173801021.000	5.729
173900413.000	5.735
174000794.000	5.734
174101174.000	5.736
174200554.000	5.730
174300944.000	5.732
174400331.000	5.727
174500723.000	5.733
174601136.000	5.729
174700538.000	5.728
174800916.000	5.729
174900308.000	5.731
175000708.000	5.736
175101099.000	5.727
175200484.000	5.735
175300878.000	5.736
175400281.000	5.728
175500683.000	5.728
175601074.000	5.729
175700461.000	5.728
175800850.000	5.735
175900232.000	5.736
176000617.000	5.728
176101041.000	5.735
176200455.000	5.735
176300841.000	5.736
176400245.000	5.729
176500681.000	5.727
176601062.000	5.734
176700477.000	5.733
176800974.000	5.736
176900374.000	5.736
177000764.000	5.729
177100260.000	5.733
177200657.000	5.731
177301083.000	5.733
177400498.000	5.732
177500892.000	5.731
177600320.000	5.732
177700854.000	5.731
177800332.000	5.729
177900753.000	5.733
178001144.000	5.729
178100535.000	5.732
178200925.000	5.728
178300304.000	5.729
178400682.000	5.728
178501058.000	5.727
178600441.000	5.736
178700829.000	5.736
178801216.000	5.728
178900604.000	5.730
179001014.000	5.733
179100415.000	5.729
179200791.000	5.731
179301180.000	5.736
179400578.000	5.733
179500965.000	5.727
179600349.000	5.733
179700737.000	5.730
179801135.000	5.736
179900534.000	5.728
180000934.000	5.729
180100321.000	5.734
180200698.000	5.730
180301092.000	5.737
180400496.000	5.737
180500882.000	5.727
180600291.000	5.734
180700679.000	5.733
180801053.000	5.735
180900430.000	5.735
181000810.000	5.727
181101194.000	5.729
181200572.000	5.732
181300966.000	5.736
181400361.000	5.728
181500749.000	5.731
181601131.000	5.733
181700554.000	5.729
181800928.000	5.734
181900344.000	5.735
182000735.000	5.728
182101114.000	5.734
182200509.000	5.735
182300908.000	5.728
182400308.000	5.736
182500692.000	5.735
182601077.000	5.735
182700472.000	5.727
182800856.000	5.731
182900234.000	5.727
183000610.000	5.734
183100982.000	5.727
183200393.000	5.727
183300790.000	5.731
183401187.000	5.725
183500586.000	5.726
183600969.000	5.726
183700353.000	5.729
183800732.000	5.729
183901114.000	5.735
184000501.000	5.724
184200294.000	5.731
184200294.000	5.731
184300689.000	5.731
184401113.000	5.726
184500529.000	5.730
184700329.000	5.731
184800724.000	5.730
184901108.000	5.723
185000494.000	5.729
185100892.000	5.729
185200287.000	5.724
185300687.000	5.724
185401069.000	5.729
185500455.000	5.724
185600861.000	5.725
185700258.000	5.721
185800644.000	5.727
185901029.000	5.720
186000452.000	5.720
186100830.000	5.728
186201212.000	5.725
186300595.000	5.722
186400983.000	5.727
186500372.000	5.721
186600762.000	5.727
186701148.000	5.724
186800534.000	5.727
186900925.000	5.728
187000320.000	5.725
187100704.000	5.724
187201097.000	5.725
187300506.000	5.728
187400895.000	5.718
187500290.000	5.725
187600683.000	5.719
187701079.000	5.718
187800469.000	5.724
187900872.000	5.724
188000265.000	5.722
188100646.000	5.721
188201040.000	5.724
188300432.000	5.714
188400821.000	5.718
188501194.000	5.716
188600572.000	5.716
188700966.000	5.724
188800399.000	5.719
188900795.000	5.722
189001187.000	5.716
189100570.000	5.720
189200948.000	5.716
189300325.000	5.720
189400704.000	5.713
189501078.000	5.719
189600469.000	5.720
189700864.000	5.718
189800255.000	5.720
189900641.000	5.719
190001060.000	5.715
190100469.000	5.716
190200851.000	5.720
190300247.000	5.714
190400685.000	5.710
190501065.000	5.719
190600447.000	5.715
190700841.000	5.715
190800239.000	5.718
190900620.000	5.719
191001010.000	5.714
191100408.000	5.714
191200803.000	5.710
191301204.000	5.709
191400589.000	5.717
191500969.000	5.710
191600356.000	5.714
191700773.000	5.717
191801155.000	5.716
191900552.000	5.711
192000945.000	5.710
192100325.000	5.715
192200719.000	5.708
192301111.000	5.715
192400495.000	5.715
192500874.000	5.714
192600246.000	5.709
192700632.000	5.706
192801019.000	5.712
192900408.000	5.717
193000796.000	5.705
193101170.000	5.709
193200571.000	5.709
193300971.000	5.706
193400368.000	5.708
193500771.000	5.712
193601159.000	5.714
193700543.000	5.713
193800921.000	5.711
193900303.000	5.703
194000701.000	5.710
194101102.000	5.710
194200492.000	5.703
194300893.000	5.704
194400278.000	5.710
194500687.000	5.704
194601069.000	5.710
194700435.000	5.702
194800816.000	5.708
194901192.000	5.702
195000584.000	5.707
195100971.000	5.708
195200348.000	5.708
195300741.000	5.701
195401138.000	5.704
195500525.000	5.703
195600908.000	5.702
195700303.000	5.706
195800693.000	5.706
195901090.000	5.705
196000484.000	5.708
196100869.000	5.703
196200265.000	5.700
196300656.000	5.701
196401049.000	5.699
196500439.000	5.698
196600824.000	5.702
196701209.000	5.703
196800595.000	5.699
196900974.000	5.705
197000348.000	5.703
197100739.000	5.701
197201138.000	5.701
197300520.000	5.695
197400901.000	5.696
197500282.000	5.699
197600680.000	5.696
197701058.000	5.698
197800448.000	5.694
197900837.000	5.696
198001221.000	5.693
198100605.000	5.692
198200999.000	5.694
198300386.000	5.703
198400766.000	5.700
198501143.000	5.700
198600533.000	5.701
198700921.000	5.693
198800321.000	5.699
198900726.000	5.694
199001139.000	5.696
199100526.000	5.699
199200934.000	5.699
199300305.000	5.693
199400741.000	5.693
199501119.000	5.698
199600493.000	5.696
199700884.000	5.690
199800281.000	5.693
199900666.000	5.690
200001061.000	5.695
200100469.000	5.696
200200858.000	5.694
200300243.000	5.698
200400630.000	5.692
200501018.000	5.688
200600426.000	5.688
200700840.000	5.691
200800232.000	5.693
200900646.000	5.695
201001033.000	5.687
201100420.000	5.693
201200821.000	5.693
201301226.000	5.687
201400630.000	5.694
201501024.000	5.691
201600428.000	5.689
201700822.000	5.693
201801202.000	5.689
201900604.000	5.693
202001019.000	5.694
202100448.000	5.692
202200868.000	5.682
202300318.000	5.686
202400709.000	5.686
202501094.000	5.687
202600484.000	5.686
202700870.000	5.687
202800248.000	5.691
202900624.000	5.685
203001009.000	5.684
203100392.000	5.684
203200773.000	5.687
203301183.000	5.685
203400580.000	5.682
203500962.000	5.690
203600386.000	5.690
203700965.000	5.682
203800372.000	5.686
203900823.000	5.688
204001224.000	5.682
204100602.000	5.686
204200988.000	5.679
204300384.000	5.684
204400781.000	5.679
204501167.000	5.682
204600556.000	5.679
204700939.000	5.687
204800314.000	5.682
204900680.000	5.686
205001056.000	5.681
205100434.000	5.686
205200813.000	5.684
205301204.000	5.680
205400587.000	5.678
205500976.000	5.681
205600376.000	5.677
205700779.000	5.685
205801162.000	5.681
205900554.000	5.683
206000946.000	5.673
206100326.000	5.676
206200737.000	5.681
206301138.000	5.684
206400520.000	5.683
206500898.000	5.682
206600276.000	5.678
206700653.000	5.675
206801043.000	5.675
206900442.000	5.679
207000821.000	5.680
207100266.000	5.678
207200653.000	5.675
207301030.000	5.671
207400414.000	5.679
207500807.000	5.673
207601191.000	5.670
207700569.000	5.678
207800967.000	5.672
207900368.000	5.680
208000758.000	5.669
208101142.000	5.673
208200517.000	5.676
208300893.000	5.673
208400260.000	5.672
208500652.000	5.677
208601043.000	5.672
208700428.000	5.675
208800822.000	5.674
208901221.000	5.674
209000620.000	5.669
209101010.000	5.670
209200403.000	5.676
209300788.000	5.671
209401173.000	5.671
209500566.000	5.670
209600946.000	5.674
209700340.000	5.675
209800722.000	5.673
209901113.000	5.666
210000518.000	5.665
210100908.000	5.666
210200282.000	5.665
210300686.000	5.666
210401077.000	5.668
210500469.000	5.667
210600847.000	5.671
210700237.000	5.664
210800632.000	5.666
210901018.000	5.667
211000404.000	5.671
211100783.000	5.670
211201171.000	5.665
211300558.000	5.669
211400942.000	5.666
211500326.000	5.664
211600702.000	5.668
211701067.000	5.670
211800502.000	5.664
212000280.000	5.659
212100695.000	5.670
212201083.000	5.666
212300456.000	5.666
212400833.000	5.658
212501218.000	5.660
212600614.000	5.662
212700993.000	5.664
212800376.000	5.660
212900768.000	5.660
213001168.000	5.660
213100554.000	5.658
213200963.000	5.660
213300363.000	5.659
213400758.000	5.663
213501135.000	5.664
213600508.000	5.656
213700883.000	5.658
213800277.000	5.657
213900667.000	5.655
214001055.000	5.663
214100451.000	5.656
214200854.000	5.662
214300239.000	5.656
214400622.000	5.655
214501007.000	5.663
214600366.000	5.664
214700768.000	5.654
214801148.000	5.660
214900534.000	5.660
215000924.000	5.661
215100304.000	5.654
215200688.000	5.655
215301066.000	5.655
215400444.000	5.654
215500820.000	5.655
215601196.000	5.656
215700574.000	5.656
215800954.000	5.659
215900357.000	5.653
216000784.000	5.656
216101192.000	5.654
216200570.000	5.651
216300946.000	5.659
216400324.000	5.654
216500715.000	5.659
216601101.000	5.656
216700485.000	5.656
216800882.000	5.653
216900274.000	5.657
217000673.000	5.652
217101061.000	5.656
217200462.000	5.648
217300850.000	5.656
217400243.000	5.651
217500620.000	5.654
217601011.000	5.650
217700399.000	5.653
217800785.000	5.648
217901180.000	5.650
218000580.000	5.654
218100974.000	5.647
218200356.000	5.645
218300747.000	5.649
218401135.000	5.648
218500509.000	5.652
218600895.000	5.646
218700302.000	5.647
218800680.000	5.645
218901071.000	5.650
219000472.000	5.645
219100864.000	5.644
219200253.000	5.651
219300641.000	5.647
219401042.000	5.649
219500429.000	5.641
219600806.000	5.646
219701190.000	5.641
219800598.000	5.647
219901008.000	5.649
220000403.000	5.641
220100830.000	5.640
220201198.000	5.642
220300590.000	5.640
220400977.000	5.642
220500367.000	5.648
220600755.000	5.642
220701135.000	5.645
220800519.000	5.639
220900898.000	5.645
221000286.000	5.644
221100687.000	5.638
221201077.000	5.644
221300472.000	5.644
221400862.000	5.644
221500241.000	5.643
221600614.000	5.636
221701004.000	5.634
221800387.000	5.644
221900762.000	5.637
222001146.000	5.635
222100527.000	5.639
222200905.000	5.633
222300281.000	5.638
222400661.000	5.643
222501041.000	5.642
222600416.000	5.641
222700795.000	5.632
222801193.000	5.638
222900581.000	5.637
223000956.000	5.635
223100360.000	5.631
223200760.000	5.638
223301159.000	5.639
223400543.000	5.633
223500921.000	5.634
223600297.000	5.638
223700690.000	5.635
223801091.000	5.629
223900694.000	5.635
224000982.000	5.632
224100387.000	5.636
224200776.000	5.635
224301171.000	5.632
224400572.000	5.635
224500933.000	5.628
224600340.000	5.632
224700769.000	5.634
224801174.000	5.634
224900559.000	5.631
225000958.000	5.633
225100345.000	5.626
225200732.000	5.635
225301134.000	5.627
225400531.000	5.627
225500932.000	5.628
225600313.000	5.625
225700695.000	5.627
225801081.000	5.629
225900457.000	5.630
226000858.000	5.628
226100263.000	5.630
226200657.000	5.621
226301042.000	5.627
226400443.000	5.623
226500841.000	5.625
226600257.000	5.622
226700650.000	5.623
226801027.000	5.624
226900421.000	5.628
227000809.000	5.620
227101187.000	5.625
227200570.000	5.627
227300969.000	5.627
227400364.000	5.630
227500764.000	5.627
227601161.000	5.620
227700562.000	5.619
227800953.000	5.622
227900350.000	5.624
228000730.000	5.622
228101168.000	5.617
228200563.000	5.617
228300951.000	5.617
228400328.000	5.613
228500705.000	5.619
228601082.000	5.614
228700476.000	5.624
228800886.000	5.610
228900275.000	5.615
229000652.000	5.611
229101094.000	5.611
229200531.000	5.615
229300915.000	5.611
229400305.000	5.617
229500705.000	5.617
229601092.000	5.609
229700467.000	5.605
229800848.000	5.603
229900234.000	5.609
230000633.000	5.611
230101031.000	5.610
230200435.000	5.607
230300822.000	5.609
230401211.000	5.609
230500591.000	5.602
230600980.000	5.605
230700388.000	5.600
230800797.000	5.606
230901192.000	5.602
231000579.000	5.597
231100972.000	5.604
231200364.000	5.599
231300757.000	5.598
231401151.000	5.595
231500536.000	5.599
231600920.000	5.596
231700310.000	5.598
231800706.000	5.597
231901112.000	5.588
232000553.000	5.590
232100938.000	5.586
232200295.000	5.593
232300693.000	5.592
232401081.000	5.587
232500476.000	5.589
232600857.000	5.585
232700245.000	5.593
232800643.000	5.585
232901024.000	5.592
233000411.000	5.586
233100808.000	5.584
233201192.000	5.585
233300623.000	5.586
233401008.000	5.586
233500362.000	5.584
233600751.000	5.587
233701147.000	5.584
233800538.000	5.583
233900922.000	5.576
234000314.000	5.576
234100704.000	5.578
234201091.000	5.570
234300475.000	5.571
234400874.000	5.570
234500261.000	5.571
234600652.000	5.569
234701059.000	5.575
234800434.000	5.579
234900839.000	5.569
235000229.000	5.575
235100635.000	5.577
235201042.000	5.569
235300417.000	5.573
235400796.000	5.572
235501171.000	5.567
235600556.000	5.568
235700944.000	5.570
235800332.000	5.566
235900731.000	5.570
236001128.000	5.570
236100512.000	5.564
236200903.000	5.567
236300299.000	5.568
236400680.000	5.567
236501113.000	5.563
236600505.000	5.564
236700882.000	5.564
236800263.000	5.561
236900654.000	5.558
237001053.000	5.558
237100446.000	5.558
237200832.000	5.563
237301215.000	5.554
237400614.000	5.551
237500995.000	5.556
237600373.000	5.550
237700748.000	5.555
237801170.000	5.546
237900566.000	5.560
238000941.000	5.552
238100368.000	5.555
238200771.000	5.552
238301146.000	5.549
238400524.000	5.549
238500913.000	5.551
238600300.000	5.547
238700698.000	5.544
238801088.000	5.541
238900461.000	5.545
239000845.000	5.543
239100260.000	5.540
239200645.000	5.545
239301030.000	5.544
239400411.000	5.536
239500816.000	5.544
239601199.000	5.544
239700571.000	5.536
239800962.000	5.536
239900355.000	5.542
240000761.000	5.540
240101187.000	5.537
240200634.000	5.532
240301028.000	5.537
240400420.000	5.539
240500803.000	5.531
240601177.000	5.541
240800975.000	5.531
240900360.000	5.528
241000759.000	5.527
241101140.000	5.526
241200519.000	5.531
241300893.000	5.531
241400263.000	5.533
241500644.000	5.526
241601027.000	5.523
241700409.000	5.526
241800799.000	5.532
241901185.000	5.526
242000576.000	5.523
242100973.000	5.519
242200373.000	5.521
242300746.000	5.524
242401183.000	5.529
242500573.000	5.521
242600960.000	5.517
242700350.000	5.524
242800731.000	5.520
242901110.000	5.516
243000502.000	5.518
243100881.000	5.516
243200273.000	5.511
243300653.000	5.509
243401038.000	5.510
243500421.000	5.509
243600878.000	5.507
243701181.000	5.505
243800568.000	5.512
243900944.000	5.511
244000359.000	5.507
244100826.000	5.506
244201218.000	5.507
244300590.000	5.510
244400970.000	5.505
244500358.000	5.510
244600749.000	5.510
244701149.000	5.510
244800541.000	5.506
244900920.000	5.507
245000310.000	5.502
245100704.000	5.502
245201097.000	5.498
245300475.000	5.500
245400891.000	5.495
245500297.000	5.499
245600697.000	5.501
245701080.000	5.494
245800473.000	5.501
245900859.000	5.493
246000288.000	5.492
246101011.000	5.493
246200407.000	5.497
246300810.000	5.488
246401198.000	5.491
246500586.000	5.485
246600966.000	5.492
246700358.000	5.489
246800759.000	5.491
246901150.000	5.491
247000550.000	5.489
247100935.000	5.487
247200321.000	5.486
247300706.000	5.487
247401087.000	5.489
247500464.000	5.481
247600849.000	5.482
247700242.000	5.487
247800632.000	5.475
247901019.000	5.477
248000417.000	5.472
248101128.000	5.478
248200521.000	5.475
248300922.000	5.474
248400312.000	5.475
248500692.000	5.471
248601078.000	5.470
248700444.000	5.468
248800880.000	5.470
248900275.000	5.469
249000668.000	5.469
249101054.000	5.468
249200496.000	5.476
249300792.000	5.473
249401198.000	5.474
249500610.000	5.465
249600994.000	5.470
249700371.000	5.464
249800765.000	5.461
249901164.000	5.467
250000563.000	5.467
250101063.000	5.468
250200451.000	5.461
250300843.000	5.462
250400226.000	5.461
250500608.000	5.460
250601006.000	5.463
250700405.000	5.463
250800800.000	5.460
250901199.000	5.459
251000597.000	5.462
251100983.000	5.455
251200380.000	5.458
251300761.000	5.454
251401143.000	5.455
251500531.000	5.447
251600913.000	5.453
251700293.000	5.455
251800670.000	5.453
251901049.000	5.452
252000441.000	5.451
252100835.000	5.441
252201215.000	5.445
252300609.000	5.447
252401013.000	5.447
252500415.000	5.446
252600804.000	5.444
252701223.000	5.438
252800609.000	5.439
252900982.000	5.437
253000373.000	5.434
253100769.000	5.437
253201172.000	5.434
253300561.000	5.437
253400946.000	5.436
253500340.000	5.440
253600724.000	5.438
253701105.000	5.438
253800485.000	5.433
253900879.000	5.438
254000271.000	5.429
254100660.000	5.430
254201064.000	5.437
254300447.000	5.423
254400863.000	5.425
254500274.000	5.425
254600647.000	5.426
254701081.000	5.430
254800468.000	5.428
254900854.000	5.430
255000233.000	5.429
255100627.000	5.427
255201026.000	5.413
255300429.000	5.428
255400835.000	5.421
255500244.000	5.414
255600634.000	5.420
255701042.000	5.419
255800497.000	5.423
255900913.000	5.414
256000328.000	5.419
256100733.000	5.418
256201126.000	5.411
256300522.000	5.411
256400912.000	5.418
256500303.000	5.416
256600691.000	5.411
256701072.000	5.406
256800454.000	5.413
256900837.000	5.403
257001224.000	5.403
257100639.000	5.407
257201029.000	5.410
257300424.000	5.409
257400912.000	5.403
257500358.000	5.404
257600936.000	5.406
257700311.000	5.404
257800704.000	5.396
257901109.000	5.406
258000522.000	5.405
258101073.000	5.394
258200456.000	5.399
258300864.000	5.400
258400257.000	5.398
258500678.000	5.393
258601076.000	5.392
258700461.000	5.394
258800842.000	5.394
258900238.000	5.390
259000632.000	5.395
259101020.000	5.392
259200412.000	5.393
259300816.000	5.388
259401207.000	5.391
259500595.000	5.387
259600976.000	5.386
259700371.000	5.386
259800768.000	5.388
259901145.000	5.382
260000519.000	5.387
260100913.000	5.388
260200326.000	5.382
260300733.000	5.384
260401138.000	5.381
260500532.000	5.373
260600919.000	5.376
260700297.000	5.378
260800795.000	5.380
260901222.000	5.374
261000773.000	5.375
261101146.000	5.372
261200665.000	5.376
261301126.000	5.377
261400723.000	5.367
261501166.000	5.367
261600555.000	5.372
261700952.000	5.363
261800335.000	5.374
261900715.000	5.370
262001094.000	5.368
262100478.000	5.369
262200855.000	5.360
262300244.000	5.366
262400643.000	5.359
262501020.000	5.363
262600409.000	5.357
262700793.000	5.362
262801196.000	5.363
262900605.000	5.363
263000957.000	5.361
263100348.000	5.352
263200770.000	5.358
263301165.000	5.353
263400552.000	5.359
263500946.000	5.356
263600317.000	5.350
263700695.000	5.351
263801074.000	5.345
263900463.000	5.352
264000857.000	5.352
264100256.000	5.345
264200654.000	5.347
264301057.000	5.351
264400472.000	5.343
264500834.000	5.347
264600270.000	5.337
264700659.000	5.338
264801039.000	5.345
264900456.000	5.339
265000829.000	5.339
265101218.000	5.334
265200612.000	5.337
265301002.000	5.339
265400394.000	5.344
265500781.000	5.334
265601173.000	5.341
265700576.000	5.330
265800955.000	5.331
265900360.000	5.333
266000753.000	5.331
266101133.000	5.338
266200525.000	5.330
266300921.000	5.327
266400306.000	5.336
266500685.000	5.324
266601060.000	5.325
266700447.000	5.330
266800845.000	5.330
266900242.000	5.329
267000627.000	5.326
267100998.000	5.320
267200373.000	5.316
267300769.000	5.323
267401176.000	5.319
267500642.000	5.321
267601050.000	5.319
267700442.000	5.318
267800830.000	5.318
267901217.000	5.310
268000597.000	5.316
268100992.000	5.310
268200390.000	5.309
268300774.000	5.309
268401170.000	5.315
268500637.000	5.308
268601018.000	5.312
268700394.000	5.311
268800791.000	5.306
268901188.000	5.304
269000574.000	5.301
269100955.000	5.300
269200322.000	5.297
269300701.000	5.305
269401093.000	5.305
269500489.000	5.298
269600881.000	5.296
269700266.000	5.299
269800643.000	5.294
269901032.000	5.301
270000447.000	5.306
270100834.000	5.296
270200256.000	5.301
270300640.000	5.297
270401026.000	5.294
270500422.000	5.298
270600814.000	5.295
270701214.000	5.288
270800597.000	5.286
270900982.000	5.288
271000375.000	5.289
271100770.000	5.283
271201151.000	5.285
271300529.000	5.284
271400921.000	5.290
271500307.000	5.288
271701083.000	5.276
271800472.000	5.282
271900848.000	5.281
272000267.000	5.276
272100665.000	5.280
272201064.000	5.280
272300458.000	5.278
272400849.000	5.272
272500228.000	5.271
272600615.000	5.277
272701009.000	5.277
272800406.000	5.271
272900758.000	5.264
273001182.000	5.267
273100562.000	5.265
273200952.000	5.270
273300342.000	5.263
273400733.000	5.263
273501127.000	5.268
273600507.000	5.260
273700885.000	5.267
273800264.000	5.260
273900643.000	5.267
274001018.000	5.258
274100402.000	5.252
274200805.000	5.260
274301201.000	5.253
274400617.000	5.256
274501048.000	5.254
274600435.000	5.256
274700818.000	5.257
274801208.000	5.252
274900590.000	5.249
275000979.000	5.253
275100361.000	5.253
275200741.000	5.249
275301126.000	5.244
275400505.000	5.242
275500886.000	5.248
275600266.000	5.242
275700657.000	5.248
275801062.000	5.241
275900454.000	5.248
276000858.000	5.244
276100281.000	5.241
276200671.000	5.241
276301049.000	5.237
276400430.000	5.241
276500805.000	5.234
276601182.000	5.236
276700573.000	5.236
276800964.000	5.237
276900354.000	5.232
277000751.000	5.234
277101137.000	5.233
277200524.000	5.228
277300928.000	5.234
277400321.000	5.225
277500685.000	5.229
277601076.000	5.233
277700463.000	5.230
277800847.000	5.229
277900231.000	5.221
278000605.000	5.229
278100984.000	5.222
278200367.000	5.222
278300741.000	5.214
278401124.000	5.220
278500500.000	5.218
278600881.000	5.225
278700271.000	5.218
278800699.000	5.214
278901110.000	5.214
279000507.000	5.213
279100901.000	5.207
279200287.000	5.210
279300661.000	5.208
279401042.000	5.212
279500435.000	5.208
279600833.000	5.208
279701217.000	5.210
279800601.000	5.209
279900997.000	5.207
280000389.000	5.202
280100804.000	5.204
280201242.000	5.202
280300643.000	5.196
280401045.000	5.199
280500425.000	5.200
280600799.000	5.199
280701184.000	5.200
280800584.000	5.192
280900987.000	5.198
281000387.000	5.192
281100785.000	5.191
281201180.000	5.188
281300567.000	5.191
281400954.000	5.198
281500342.000	5.193
281600755.000	5.187
281701139.000	5.190
281800543.000	5.196
281900942.000	5.187
282000354.000	5.186
282100742.000	5.183
282201133.000	5.180
282300563.000	5.190
282400939.000	5.182
282500323.000	5.190
282600707.000	5.177
282701087.000	5.178
282800462.000	5.180
282900845.000	5.175
283000225.000	5.181
283100632.000	5.172
283201023.000	5.178
283300403.000	5.166
283400797.000	5.169
283501183.000	5.174
283600573.000	5.171
283700961.000	5.161
283800356.000	5.170
283900744.000	5.171
284001135.000	5.159
284100539.000	5.166
284200927.000	5.159
284300317.000	5.159
284400723.000	5.160
284501108.000	5.163
284600529.000	5.158
284700928.000	5.153
284800312.000	5.150
284900697.000	5.153
285001097.000	5.162
285100482.000	5.155
285200857.000	5.157
285300235.000	5.157
285400621.000	5.144
285501016.000	5.148
285600403.000	5.152
285700801.000	5.152
285801179.000	5.143
285900556.000	5.139
286000950.000	5.143
286100353.000	5.132
286200742.000	5.146
286301117.000	5.144
286400494.000	5.134
286500871.000	5.134
286600247.000	5.141
286700628.000	5.136
286801017.000	5.138
286900402.000	5.139
287000778.000	5.129
287101157.000	5.134
287200584.000	5.128
287300942.000	5.137
287400348.000	5.132
287500744.000	5.126
287601136.000	5.135
287700525.000	5.129
287800914.000	5.129
287900299.000	5.128
288000692.000	5.124
288101080.000	5.124
288200474.000	5.124
288300874.000	5.124
288400264.000	5.124
288500643.000	5.120
288601025.000	5.115
288700393.000	5.120
288800778.000	5.113
288901209.000	5.120
289000593.000	5.117
289100978.000	5.110
289200354.000	5.113
289300730.000	5.114
289401107.000	5.111
289500499.000	5.110
289600898.000	5.102
289700288.000	5.101
289800668.000	5.099
289901049.000	5.103
290000446.000	5.102
290100850.000	5.103
290200234.000	5.105
290300614.000	5.103
290401001.000	5.097
290500392.000	5.094
290600781.000	5.093
290701171.000	5.101
290800543.000	5.099
290900938.000	5.084
291000326.000	5.097
291100706.000	5.096
291201094.000	5.085
291300500.000	5.091
291400899.000	5.083
291500292.000	5.092
291600707.000	5.082
291701123.000	5.081
291800510.000	5.081
291900883.000	5.079
292000276.000	5.081
292100673.000	5.076
292201080.000	5.072
292300469.000	5.072
292400881.000	5.073
292500315.000	5.078
292600702.000	5.067
292701089.000	5.065
292800468.000	5.067
292900848.000	5.065
293000285.000	5.069
293100660.000	5.066
293201048.000	5.060
293300448.000	5.068
293400848.000	5.067
293500233.000	5.060
293600610.000	5.059
293701002.000	5.059
293800406.000	5.062
293900801.000	5.057
294001189.000	5.057
294100589.000	5.052
294201019.000	5.051
294300431.000	5.054
294400924.000	5.057
294500320.000	5.055
294600711.000	5.056
294701312.000	5.049
294800458.000	5.050
294900843.000	5.050
295000217.000	5.050
295100609.000	5.044
295201007.000	5.045
295300394.000	5.042
295400787.000	5.040
295501171.000	5.042
295600560.000	5.037
295700938.000	5.042
295800314.000	5.044
295900705.000	5.039
296001095.000	5.038
296100490.000	5.031
296200876.000	5.038
296300264.000	5.032
296400661.000	5.028
296501059.000	5.026
296600438.000	5.027
296700811.000	5.027
296801203.000	5.026
296900597.000	5.036
297000986.000	5.026
297100371.000	5.026
297200772.000	5.016
297301160.000	5.018
297400554.000	5.024
297500949.000	5.014
297600337.000	5.022
297700723.000	5.016
297801113.000	5.013
297900498.000	5.014
298000886.000	5.020
298100274.000	5.009
298200642.000	5.011
298301055.000	5.014
298400438.000	5.010
298500815.000	5.010
298601205.000	5.008
298700595.000	5.002
298800995.000	5.001
298900376.000	5.005
299000760.000	5.003
299101140.000	4.998
299200516.000	4.998
299300904.000	4.997
299400305.000	5.001
299500717.000	5.001
299601106.000	5.001
299700500.000	4.996
299800885.000	4.997
299900258.000	4.990
300000636.000	4.988
300101027.000	4.996
300200429.000	4.986
300300818.000	4.993
300401221.000	4.989
300500614.000	4.986
300601001.000	4.986
300700371.000	4.982
300800771.000	4.988
300901174.000	4.978
301000590.000	4.986
301100979.000	4.979
301200392.000	4.978
301300780.000	4.976
301401159.000	4.972
301500609.000	4.972
301600962.000	4.980
301700339.000	4.973
301800735.000	4.969
301901123.000	4.966
302000498.000	4.973
302100872.000	4.971
302200261.000	4.971
302300644.000	4.966
302401034.000	4.969
302500417.000	4.967
302600828.000	4.967
302701209.000	4.963
302800591.000	4.958
302900977.000	4.964
303000362.000	4.961
303100746.000	4.955
303201123.000	4.954
303300503.000	4.956
303400883.000	4.949
303500272.000	4.951
303600672.000	4.954
303701068.000	4.948
303800453.000	4.951
303900845.000	4.950
304000232.000	4.940
304100616.000	4.940
304201004.000	4.941
304300397.000	4.944
304400782.000	4.946
304600573.000	4.938
304700966.000	4.931
304800347.000	4.939
304900748.000	4.930
305001134.000	4.927
305100505.000	4.938
305200902.000	4.928
305300294.000	4.937
305400694.000	4.927
305501092.000	4.922
305600487.000	4.930
305700884.000	4.920
305800266.000	4.924
305900653.000	4.922
306001059.000	4.924
306100448.000	4.925
306200842.000	4.925
306300229.000	4.918
306400617.000	4.916
306501023.000	4.925
306600420.000	4.912
306700806.000	4.913
306801193.000	4.918
306900590.000	4.910
307000974.000	4.911
307100346.000	4.911
307200723.000	4.903
307301111.000	4.911
307400506.000	4.898
307500894.000	4.909
307600274.000	4.904
307700670.000	4.902
307801046.000	4.904
307900440.000	4.901
308000848.000	4.899
308100256.000	4.904
308200641.000	4.899
308301021.000	4.903
308400400.000	4.892
308500774.000	4.891
308601166.000	4.894
308700563.000	4.891
308800949.000	4.887
308900321.000	4.890
309000704.000	4.888
309101090.000	4.889
309200486.000	4.886
309300907.000	4.886
309400296.000	4.878
309500674.000	4.881
309601062.000	4.885
309700449.000	4.883
309800825.000	4.882
309901205.000	4.882
310000588.000	4.878
310100984.000	4.882
310200385.000	4.883
310300786.000	4.871
310401209.000	4.872
310500614.000	4.866
310601016.000	4.865
310700448.000	4.868
310800835.000	4.864
310900271.000	4.869
311000697.000	4.868
311101084.000	4.858
311200456.000	4.863
311300855.000	4.860
311400242.000	4.860
311500637.000	4.858
311601026.000	4.854
311700407.000	4.858
311800803.000	4.862
311901189.000	4.852
312000568.000	4.853
312100962.000	4.853
312200351.000	4.845
312300757.000	4.848
312401152.000	4.841
312500549.000	4.847
312600946.000	4.846
312700344.000	4.848
312800729.000	4.841
312901122.000	4.837
313000517.000	4.838
313100896.000	4.837
313200270.000	4.838
313300665.000	4.834
313401054.000	4.836
313500431.000	4.833
313600821.000	4.825
313701207.000	4.830
313800617.000	4.825
313901006.000	4.822
314000386.000	4.819
314100770.000	4.823
314201154.000	4.818
314300537.000	4.819
314400911.000	4.820
314500300.000	4.811
314600687.000	4.820
314701078.000	4.813
314800472.000	4.811
314900941.000	4.819
315000254.000	4.811
315100641.000	4.812
315201042.000	4.808
315300428.000	4.808
315400822.000	4.810
315501228.000	4.804
315600621.000	4.807
315701001.000	4.802
315800389.000	4.801
315900776.000	4.799
316001176.000	4.799
316100569.000	4.796
316200949.000	4.796
316300344.000	4.798
316400730.000	4.800
316501085.000	4.785
316600496.000	4.793
316700895.000	4.784
316800277.000	4.782
316900657.000	4.792
317001032.000	4.779
317100420.000	4.780
317200821.000	4.784
317301221.000	4.780
317400609.000	4.776
317500984.000	4.777
317600360.000	4.784
317700731.000	4.773
317801123.000	4.772
317900515.000	4.768
318000909.000	4.767
318100299.000	4.774
318200682.000	4.772
318301071.000	4.768
318400462.000	4.768
318500850.000	4.762
318600226.000	4.761
318700604.000	4.765
318800995.000	4.759
318900394.000	4.754
319000758.000	4.752
319101157.000	4.747
319200553.000	4.754
319300943.000	4.753
319400335.000	4.755
319500724.000	4.754
319601109.000	4.751
319700509.000	4.753
319800896.000	4.749
319900289.000	4.741
320000677.000	4.742
320101075.000	4.742
320200478.000	4.744
320300871.000	4.743
320400260.000	4.740
320500651.000	4.738
320601050.000	4.735
320700446.000	4.741
320800845.000	4.738
320900230.000	4.732
321000621.000	4.734
321101026.000	4.727
321200412.000	4.724
321300792.000	4.728
321401168.000	4.725
321500564.000	4.720
321600953.000	4.727
321700345.000	4.728
321800742.000	4.720
321901128.000	4.725
322000513.000	4.721
322100904.000	4.719
322200298.000	4.719
322300688.000	4.717
322401067.000	4.712
322500458.000	4.713
322600848.000	4.714
322700236.000	4.708
322800625.000	4.703
322901016.000	4.707
323000416.000	4.707
323100791.000	4.712
323200222.000	4.696
323300753.000	4.695
323401129.000	4.701
323500509.000	4.703
323600887.000	4.699
323700276.000	4.693
323800671.000	4.694
323901101.000	4.692
324000488.000	4.685
324100874.000	4.689
324200279.000	4.685
324300667.000	4.687
324401023.000	4.684
324500464.000	4.681
324600855.000	4.679
324700254.000	4.682
324800630.000	4.677
324901010.000	4.684
325000399.000	4.681
325100913.000	4.679
325200303.000	4.678
325300704.000	4.678
325400290.000	4.663
325500680.000	4.677
325601109.000	4.667
325700641.000	4.667
325801021.000	4.660
325900575.000	4.667
326001172.000	4.659
326100616.000	4.661
326201101.000	4.661
326300544.000	4.662
326400976.000	4.655
326500512.000	4.661
326600900.000	4.652
326700289.000	4.655
326800674.000	4.650
326901064.000	4.655
327000449.000	4.649
327100828.000	4.646
327201210.000	4.650
327300597.000	4.646
327400979.000	4.644
327500418.000	4.640
327600825.000	4.644
327701204.000	4.646
327800577.000	4.637
327900967.000	4.637
328000364.000	4.641
328100760.000	4.636
328201171.000	4.630
328300579.000	4.623
328401009.000	4.631
328500468.000	4.627
328600874.000	4.629
328700285.000	4.630
328800722.000	4.620
328901157.000	4.621
329000624.000	4.616
329101042.000	4.626
329200445.000	4.620
329300951.000	4.615
329400333.000	4.616
329500709.000	4.614
329601229.000	4.613
329700640.000	4.609
329801036.000	4.617
329900438.000	4.604
330000834.000	4.606
330100229.000	4.605
330200626.000	4.611
330301010.000	4.610
330400379.000	4.598
330500764.000	4.597
330601139.000	4.592
330700515.000	4.598
330800906.000	4.598
330900297.000	4.599
331000692.000	4.593
331101124.000	4.590
331200502.000	4.587
331300898.000	4.589
331400311.000	4.587
331500692.000	4.584
331601082.000	4.585
331700471.000	4.585
331800856.000	4.587
331900242.000	4.587
332000630.000	4.578
332101021.000	4.574
332200417.000	4.580
332300821.000	4.576
332401207.000	4.577
332500603.000	4.572
332600999.000	4.578
332700383.000	4.575
332800769.000	4.569
332901141.000	4.568
333000614.000	4.564
333101014.000	4.564
333200403.000	4.570
333300791.000	4.564
333401182.000	4.565
333500569.000	4.554
333600955.000	4.555
333700337.000	4.555
333800714.000	4.552
333901108.000	4.551
334000486.000	4.549
334100875.000	4.547
334200277.000	4.549
334300671.000	4.552
334401118.000	4.543
334500509.000	4.538
334600909.000	4.547
334700300.000	4.550
334800698.000	4.547
334901084.000	4.540
335000470.000	4.539
335100856.000	4.544
335200232.000	4.536
335300611.000	4.528
335400989.000	4.534
335500408.000	4.537
335600789.000	4.532
335701170.000	4.533
335800558.000	4.525
335900948.000	4.522
336000344.000	4.519
336100755.000	4.526
336201151.000	4.520
336300555.000	4.527
336400923.000	4.524
336500322.000	4.512
336600723.000	4.519
336701143.000	4.511
336800545.000	4.514
336900961.000	4.514
337000372.000	4.515
337100766.000	4.504
337201167.000	4.510
337300558.000	4.507
337400948.000	4.505
337500320.000	4.496
337600701.000	4.502
337701079.000	4.494
337800465.000	4.492
337900858.000	4.501
338000254.000	4.496
338100666.000	4.492
338201068.000	4.483
338300465.000	4.490
338400864.000	4.482
338500283.000	4.484
338600674.000	4.488
338800459.000	4.479
338900842.000	4.480
339000228.000	4.476
339100615.000	4.473
339201005.000	4.473
339300404.000	4.471
339400790.000	4.471
339501169.000	4.471
339600562.000	4.468
339700943.000	4.469
339800332.000	4.454
339900798.000	4.461
340000230.000	4.464
340100607.000	4.464
340201001.000	4.463
340300401.000	4.461
340400786.000	4.454
340501170.000	4.453
340600555.000	4.460
340700933.000	4.451
340800323.000	4.449
340900725.000	4.447
341001107.000	4.448
341100503.000	4.451
341200905.000	4.448
341300309.000	4.443
341400839.000	4.436
341501134.000	4.441
341600512.000	4.440
341700900.000	4.440
341800296.000	4.432
341900694.000	4.436
342001093.000	4.432
342100493.000	4.430
342200883.000	4.429
342300273.000	4.431
342400668.000	4.428
342501068.000	4.430
342600459.000	4.430
342700844.000	4.421
342800221.000	4.418
342900606.000	4.421
343000987.000	4.416
343100392.000	4.417
343200797.000	4.419
343301195.000	4.416
343400588.000	4.413
343500982.000	4.410
343600370.000	4.410
343700748.000	4.412
343801142.000	4.403
343900534.000	4.406
344000914.000	4.408
344100332.000	4.407
344200724.000	4.407
344300228.000	4.391
344400668.000	4.396
344501069.000	4.389
344600456.000	4.395
344700857.000	4.390
344800247.000	4.395
344900639.000	4.393
345001044.000	4.390
345100440.000	4.385
345200843.000	4.388
345300243.000	4.387
345400631.000	4.384
345501025.000	4.384
345600419.000	4.381
345700803.000	4.375
345801184.000	4.384
345900560.000	4.374
346000956.000	4.376
346100351.000	4.375
346200753.000	4.370
346301156.000	4.361
346400601.000	4.368
346500987.000	4.370
346600371.000	4.362
346700754.000	4.360
346801133.000	4.358
346900522.000	4.362
347000924.000	4.360
347100324.000	4.361
347200710.000	4.357
347301119.000	4.359
347400512.000	4.354
347500909.000	4.356
347600310.000	4.356
347700691.000	4.350
347801069.000	4.344
347900447.000	4.352
348000825.000	4.348
348101211.000	4.349
348200611.000	4.344
348301010.000	4.338
348400404.000	4.336
348500793.000	4.340
348601184.000	4.338
348700562.000	4.337
348800948.000	4.324
348900330.000	4.331
349000711.000	4.329
349101097.000	4.333
349200475.000	4.323
349300851.000	4.325
349400243.000	4.324
349500627.000	4.323
349601011.000	4.317
349700385.000	4.316
349800766.000	4.318
349901207.000	4.313
350000595.000	4.318
350100988.000	4.317
350200398.000	4.309
350300783.000	4.303
350401168.000	4.312
350500556.000	4.310
350600934.000	4.305
350700322.000	4.308
350800707.000	4.301
350901091.000	4.300
351000477.000	4.304
351100859.000	4.302
351200255.000	4.291
351300667.000	4.294
351401097.000	4.299
351500479.000	4.288
351600865.000	4.292
351700255.000	4.284
351800644.000	4.288
351901032.000	4.286
352000421.000	4.290
352100809.000	4.282
352201205.000	4.279
352300589.000	4.284
352400975.000	4.274
352500366.000	4.274
352600754.000	4.270
352701205.000	4.273
352800598.000	4.272
352900997.000	4.266
353000389.000	4.265
353100775.000	4.258
353201158.000	4.260
353300543.000	4.263
353400934.000	4.266
353500377.000	4.258
353600765.000	4.261
353701175.000	4.259
353800636.000	4.255
353901033.000	4.258
354000450.000	4.252
354100854.000	4.245
354200263.000	4.246
354300667.000	4.244
354401051.000	4.242
354500442.000	4.244
354600845.000	4.248
354700228.000	4.242
354800609.000	4.239
354900996.000	4.241
355000394.000	4.232
355100778.000	4.241
355201153.000	4.239
355300533.000	4.235
355400923.000	4.238
355500423.000	4.231
355600803.000	4.233
355701190.000	4.227
355800593.000	4.223
355900992.000	4.217
356000396.000	4.222
356100811.000	4.222
356201207.000	4.225
356300589.000	4.222
356400975.000	4.216
356500372.000	4.211
356600751.000	4.208
356701142.000	4.210
356800541.000	4.205
356901072.000	4.211
357000367.000	4.207
357100758.000	4.207
357201147.000	4.199
357300519.000	4.199
357400903.000	4.196
357500289.000	4.198
357600665.000	4.190
357701046.000	4.187
357800436.000	4.193
357900823.000	4.190
358001213.000	4.190
358100599.000	4.186
358200970.000	4.179
358300392.000	4.182
358400840.000	4.180
358500234.000	4.176
358600631.000	4.173
358701030.000	4.179
358800417.000	4.181
358900813.000	4.173
359001197.000	4.166
359100576.000	4.169
359200962.000	4.169
359300344.000	4.164
359400729.000	4.166
359501119.000	4.164
359600536.000	4.163
359700934.000	4.156
359800315.000	4.160
359900694.000	4.158
360001075.000	4.154
360100461.000	4.153
360200858.000	4.145
360300247.000	4.143
360400641.000	4.144
360501044.000	4.152
360600428.000	4.145
360700818.000	4.135
360801255.000	4.137
360900630.000	4.139
361001005.000	4.137
361100387.000	4.140
361200777.000	4.136
361301160.000	4.134
361400536.000	4.134
361500922.000	4.127
361600302.000	4.131
361700695.000	4.123
361801080.000	4.127
361900470.000	4.128
362000870.000	4.121
362100264.000	4.119
362200662.000	4.115
362301045.000	4.114
362400564.000	4.115
362500957.000	4.116
362600377.000	4.110
362700764.000	4.115
362801139.000	4.107
362900512.000	4.109
363000893.000	4.104
363100279.000	4.104
363200663.000	4.104
363301044.000	4.097
363400421.000	4.103
363500796.000	4.095
363601187.000	4.096
363700579.000	4.098
363800997.000	4.092
363900434.000	4.086
364000784.000	4.089
364101189.000	4.091
364200592.000	4.091
364300991.000	4.085
364400378.000	4.077
364500765.000	4.081
364700539.000	4.079
364800937.000	4.074
364900320.000	4.073
365000692.000	4.072
365101076.000	4.075
365200465.000	4.075
365300840.000	4.069
365400275.000	4.062
365500658.000	4.070
365601046.000	4.056
365700443.000	4.063
365800839.000	4.063
365900225.000	4.054
366000616.000	4.055
366101015.000	4.059
366200404.000	4.059
366300783.000	4.055
366401174.000	4.049
366500563.000	4.047
366601006.000	4.051
366700487.000	4.041
366800901.000	4.041
366900292.000	4.048
367000698.000	4.044
367101102.000	4.040
367200506.000	4.032
367300900.000	4.038
367400283.000	4.032
367500674.000	4.036
367601061.000	4.030
367700437.000	4.031
367800822.000	4.021
367901205.000	4.028
368000593.000	4.020
368100982.000	4.020
368200376.000	4.025
368300789.000	4.017
368401174.000	4.016
368500557.000	4.016
368600943.000	4.012
368700326.000	4.008
368800706.000	4.013
368901084.000	4.005
369000466.000	4.013
369100854.000	4.001
369200239.000	4.010
369300630.000	4.002
369401013.000	4.001
369500406.000	3.997
369600815.000	4.001
369700243.000	4.004
369800637.000	3.997
369901030.000	3.993
370000432.000	3.992
370100836.000	3.983
370200239.000	3.987
370300625.000	3.983
370401003.000	3.986
370500387.000	3.980
370600777.000	3.980
370701154.000	3.975
370800526.000	3.982
370900894.000	3.977
371000471.000	3.975
371100770.000	3.976
371201159.000	3.973
371300551.000	3.967
371400940.000	3.970
371500321.000	3.962
371600700.000	3.958
371701076.000	3.957
371800457.000	3.961
371900842.000	3.963
372000238.000	3.951
372100642.000	3.959
372201036.000	3.954
372300411.000	3.948
372400797.000	3.952
372501188.000	3.953
372600591.000	3.943
372700980.000	3.946
372800373.000	3.944
372900765.000	3.944
373001155.000	3.944
373100542.000	3.937
373200929.000	3.939
373300313.000	3.932
373400696.000	3.935
373501096.000	3.927
373600499.000	3.934
373700877.000	3.934
373800318.000	3.932
373900716.000	3.925
374001104.000	3.920
374100497.000	3.919
374200874.000	3.919
374300272.000	3.920
374400672.000	3.913
374501060.000	3.916
374600441.000	3.903
374700819.000	3.915
374801197.000	3.909
374900590.000	3.905
375000973.000	3.906
375100369.000	3.900
375200771.000	3.903
375301165.000	3.897
375400540.000	3.901
375500930.000	3.894
375600323.000	3.891
375700716.000	3.898
375801111.000	3.887
375900489.000	3.891
376000871.000	3.888
376100272.000	3.880
376200670.000	3.877
376301060.000	3.877
376400441.000	3.880
376500821.000	3.876
376601224.000	3.872
376700636.000	3.876
376801035.000	3.876
376900436.000	3.869
377000839.000	3.871
377100233.000	3.866
377200621.000	3.867
377301013.000	3.872
377400398.000	3.867
377500790.000	3.857
377601184.000	3.857
377700574.000	3.854
377800955.000	3.854
377900338.000	3.856
378000735.000	3.852
378101139.000	3.844
378200564.000	3.846
378300963.000	3.850
378400327.000	3.839
378500722.000	3.840
378601099.000	3.847
378700486.000	3.833
378800872.000	3.838
378900252.000	3.832
379000647.000	3.835
379101032.000	3.829
379200417.000	3.835
379300821.000	3.820
379401225.000	3.823
379500637.000	3.823
379601006.000	3.821
379700410.000	3.821
379800865.000	3.823
379900266.000	3.815
380000656.000	3.809
380101048.000	3.814
380200437.000	3.814
380300820.000	3.810
380401203.000	3.807
380500583.000	3.805
380600966.000	3.802
380700357.000	3.797
380800746.000	3.798
380901148.000	3.809
381000567.000	3.804
381100986.000	3.788
381200381.000	3.790
381300790.000	3.792
381400246.000	3.794
381500640.000	3.785
381601039.000	3.789
381700438.000	3.784
381800831.000	3.784
381901216.000	3.779
382000601.000	3.779
382100993.000	3.776
382200394.000	3.774
382300790.000	3.777
382401177.000	3.772
382500583.000	3.777
382600977.000	3.775
382700389.000	3.767
382800767.000	3.766
382900231.000	3.763
383000614.000	3.762
383101030.000	3.754
383200644.000	3.759
383301106.000	3.757
383400496.000	3.758
383500883.000	3.755
383600271.000	3.750
383700705.000	3.754
383801172.000	3.745
383900607.000	3.745
384001194.000	3.740
384100589.000	3.738
384200994.000	3.741
384300396.000	3.737
384400781.000	3.742
384501170.000	3.738
384600574.000	3.731
384700970.000	3.727
384800369.000	3.733
384900772.000	3.731
385001160.000	3.730
385100539.000	3.722
385200894.000	3.715
385300302.000	3.718
385400695.000	3.721
385501083.000	3.724
385600461.000	3.713
385700840.000	3.707
385801217.000	3.712
385900607.000	3.718
386000995.000	3.712
386100373.000	3.705
386200760.000	3.705
386301146.000	3.698
386400541.000	3.697
386500964.000	3.688
386600374.000	3.694
386700783.000	3.693
386801172.000	3.695
386900570.000	3.687
387000964.000	3.691
387100349.000	3.691
387200734.000	3.684
387301123.000	3.685
387400513.000	3.683
387500916.000	3.681
387600321.000	3.680
387700748.000	3.674
387801147.000	3.671
387900534.000	3.670
388000917.000	3.675
388100305.000	3.672
388200697.000	3.670
388301073.000	3.666
388400461.000	3.661
388500855.000	3.667
388600262.000	3.660
388700649.000	3.659
388801050.000	3.655
388900445.000	3.657
389000830.000	3.649
389101204.000	3.651
389200563.000	3.652
389300965.000	3.654
389400350.000	3.646
389500745.000	3.641
389601147.000	3.639
389700536.000	3.644
389800930.000	3.638
389900322.000	3.641
390000717.000	3.630
390101242.000	3.631
390200825.000	3.632
390301237.000	3.633
390400657.000	3.634
390501075.000	3.633
390600488.000	3.626
390700886.000	3.619
390800265.000	3.625
390900678.000	3.623
391001046.000	3.613
391100424.000	3.618
391200798.000	3.612
391301177.000	3.611
391400563.000	3.606
391500960.000	3.601
391600339.000	3.606
391700724.000	3.604
391801106.000	3.606
391900481.000	3.603
392000872.000	3.602
392100261.000	3.597
392200664.000	3.595
392301117.000	3.588
392400503.000	3.591
392500891.000	3.585
392600273.000	3.582
392700647.000	3.583
392801022.000	3.578
392900395.000	3.577
393000787.000	3.577
393101178.000	3.581
393200560.000	3.576
393300939.000	3.571
393400335.000	3.566
393500729.000	3.567
393601124.000	3.570
393700506.000	3.565
393800881.000	3.559
393900275.000	3.560
394000665.000	3.557
394101062.000	3.550
394200466.000	3.558
394300866.000	3.555
394400265.000	3.549
394500650.000	3.542
394601045.000	3.549
394700442.000	3.549
394800838.000	3.540
394900239.000	3.544
395000621.000	3.535
395101011.000	3.534
395200394.000	3.541
395300778.000	3.535
395401167.000	3.541
395500553.000	3.529
395600940.000	3.529
395700327.000	3.527
395800719.000	3.522
395901099.000	3.531
396000490.000	3.523
396100879.000	3.530
396200272.000	3.510
396300676.000	3.514
396401058.000	3.514
396500450.000	3.508
396600832.000	3.510
396701217.000	3.511
396800608.000	3.507
396901004.000	3.509
397000389.000	3.499
397100779.000	3.497
397201212.000	3.501
397300590.000	3.503
397400969.000	3.499
397500363.000	3.501
397600751.000	3.493
397701124.000	3.491
397800501.000	3.486
397900894.000	3.486
398000282.000	3.485
398100663.000	3.484
398201052.000	3.486
398300438.000	3.475
398400817.000	3.471
398501235.000	3.475
398600643.000	3.478
398701040.000	3.474
398800422.000	3.465
398900810.000	3.468
399001193.000	3.466
399100578.000	3.465
399200964.000	3.461
399300339.000	3.455
399400710.000	3.454
399501093.000	3.459
399600487.000	3.449
399700870.000	3.444
399800243.000	3.456
399900625.000	3.451
400001006.000	3.450
400100404.000	3.444
400200853.000	3.439
400300240.000	3.441
400400612.000	3.440
400501004.000	3.436
400600398.000	3.432
400700783.000	3.435
400801161.000	3.426
400900538.000	3.426
401000909.000	3.426
401100294.000	3.426
401200696.000	3.424
401301083.000	3.424
401400459.000	3.423
401500831.000	3.413
401601215.000	3.418
401700603.000	3.416
401900392.000	3.405
402000796.000	3.407
402101204.000	3.404
402200583.000	3.402
402300974.000	3.399
402400366.000	3.401
402500767.000	3.401
402601162.000	3.399
402700559.000	3.390
402800962.000	3.386
402900370.000	3.387
403000802.000	3.389
403101183.000	3.390
403200577.000	3.384
403300965.000	3.382
403400333.000	3.380
403500724.000	3.381
403601115.000	3.373
403700499.000	3.379
403800882.000	3.373
403900270.000	3.374
404000660.000	3.371
404101058.000	3.368
404200460.000	3.372
404301107.000	3.365
404400500.000	3.361
404500888.000	3.362
404600262.000	3.353
404700647.000	3.354
404801033.000	3.351
404900421.000	3.355
405000805.000	3.352
405101195.000	3.346
405200599.000	3.348
405300994.000	3.348
405400381.000	3.342
405500763.000	3.335
405601202.000	3.333
405700598.000	3.336
405800996.000	3.340
405900398.000	3.333
406000777.000	3.327
406101157.000	3.332
406200538.000	3.326
406300923.000	3.321
406400302.000	3.319
406500695.000	3.320
406601092.000	3.317
406700476.000	3.311
406800863.000	3.308
406900330.000	3.313
407000761.000	3.312
407101162.000	3.307
407200546.000	3.312
407300939.000	3.303
407400328.000	3.304
407500704.000	3.294
407601097.000	3.297
407700480.000	3.299
407800872.000	3.296
407900274.000	3.288
408000665.000	3.290
408101041.000	3.290
408200487.000	3.288
408300908.000	3.279
408400306.000	3.276
408500693.000	3.284
408601090.000	3.280
408700486.000	3.272
408800872.000	3.275
408900250.000	3.277
409000636.000	3.264
409101020.000	3.270
409200396.000	3.270
409300783.000	3.261
409401176.000	3.265
409500568.000	3.260
409600977.000	3.257
409700439.000	3.259
409800823.000	3.254
409901197.000	3.248
410000586.000	3.250
410100974.000	3.246
410200366.000	3.246
410300750.000	3.238
410401122.000	3.239
410500502.000	3.237
410600880.000	3.239
410700258.000	3.230
410800648.000	3.235
410901037.000	3.232
411000426.000	3.231
411100829.000	3.233
411200295.000	3.225
411300673.000	3.220
411401101.000	3.222
411500517.000	3.213
411600900.000	3.217
411700318.000	3.216
411800727.000	3.213
411901121.000	3.208
412000509.000	3.207
412100889.000	3.206
412200270.000	3.200
412300657.000	3.204
412401045.000	3.198
412500420.000	3.202
412600804.000	3.193
412701186.000	3.189
412800563.000	3.194
412900956.000	3.189
413000347.000	3.195
413100732.000	3.184
413201126.000	3.183
413300537.000	3.185
413400924.000	3.179
413500310.000	3.182
413600693.000	3.176
413701069.000	3.168
413800461.000	3.177
413900849.000	3.167
414000243.000	3.168
414100633.000	3.163
414201029.000	3.162
414300417.000	3.169
414400811.000	3.165
414501218.000	3.162
414600616.000	3.162
414701017.000	3.158
414800420.000	3.155
414900816.000	3.153
415001215.000	3.150
415100605.000	3.143
415201007.000	3.143
415300394.000	3.138
415400786.000	3.145
415501170.000	3.131
415600550.000	3.138
415700942.000	3.134
415800334.000	3.132
415900731.000	3.134
416001132.000	3.132
416100522.000	3.123
416200919.000	3.118
416300308.000	3.121
416400704.000	3.111
416501102.000	3.119
416600492.000	3.121
416700989.000	3.115
416800390.000	3.116
416900774.000	3.113
417001154.000	3.105
417100527.000	3.099
417200907.000	3.106
417300283.000	3.098
417400675.000	3.105
417501060.000	3.099
417600451.000	3.091
417700848.000	3.099
417800244.000	3.092
417900653.000	3.092
418001061.000	3.091
418100447.000	3.088
418200846.000	3.081
418300239.000	3.080
418400624.000	3.080
418501006.000	3.080
418600399.000	3.072
418700782.000	3.070
418801178.000	3.073
418900578.000	3.070
419000966.000	3.069
419100348.000	3.057
419200729.000	3.062
419301106.000	3.056
419400499.000	3.060
419500908.000	3.056
419600300.000	3.059
419700713.000	3.049
419801097.000	3.049
419900474.000	3.050
420000852.000	3.047
420100238.000	3.040
420200613.000	3.045
420300992.000	3.043
420400380.000	3.041
420500785.000	3.031
420601171.000	3.033
420700570.000	3.029
420800961.000	3.031
420900343.000	3.026
421000732.000	3.021
421101111.000	3.015
421200492.000	3.016
421300869.000	3.018
421400255.000	3.014
421500657.000	3.015
421601046.000	3.009
421700444.000	3.006
421800820.000	3.010
421901209.000	2.997
422000606.000	3.002
422100995.000	3.004
422200381.000	2.997
422300767.000	2.993
422401164.000	2.996
422500549.000	2.986
422600942.000	2.988
422700324.000	2.992
422800734.000	2.982
422901137.000	2.985
423000518.000	2.979
423100919.000	2.980
423200301.000	2.980
423300687.000	2.978
423401074.000	2.977
423500478.000	2.972
423600876.000	2.971
423700290.000	2.966
423800757.000	2.969
423901206.000	2.963
424000606.000	2.961
424100996.000	2.961
424200389.000	2.958
424300775.000	2.952
424401157.000	2.953
424500552.000	2.946
424600952.000	2.951
424700336.000	2.939
424800727.000	2.946
424901119.000	2.937
425000518.000	2.940
425100905.000	2.934
425200502.000	2.938
425300892.000	2.931
425400274.000	2.928
425500869.000	2.932
425600268.000	2.928
425700663.000	2.925
425801059.000	2.920
425900454.000	2.925
426000840.000	2.921
426101225.000	2.921
426200627.000	2.916
426301011.000	2.912
426400393.000	2.913
426500783.000	2.905
426601137.000	2.901
426700491.000	2.904
426800940.000	2.904
426900336.000	2.902
427000729.000	2.897
427101127.000	2.899
427200508.000	2.897
427300885.000	2.888
427400273.000	2.885
427500672.000	2.887
427601058.000	2.885
427700448.000	2.884
427800860.000	2.885
427900268.000	2.874
428000628.000	2.874
428101024.000	2.875
428200420.000	2.868
428300807.000	2.869
428401201.000	2.863
428500581.000	2.863
428600970.000	2.866
428700355.000	2.872
428800736.000	2.859
428901121.000	2.863
429000505.000	2.860
429100898.000	2.860
429200293.000	2.858
429300685.000	2.849
429401074.000	2.847
429500487.000	2.841
429600935.000	2.847
429700317.000	2.844
429800706.000	2.836
429901089.000	2.837
430000473.000	2.839
430100854.000	2.838
430200237.000	2.828
430300612.000	2.825
430401005.000	2.824
430500391.000	2.828
430600775.000	2.830
430701178.000	2.817
430800554.000	2.824
430900925.000	2.825
431000315.000	2.814
431100711.000	2.810
431201096.000	2.810
431300477.000	2.810
431400859.000	2.804
431500240.000	2.803
431600641.000	2.802
431701027.000	2.803
431800407.000	2.798
431900785.000	2.790
432001186.000	2.796
432100576.000	2.791
432200972.000	2.789
432300365.000	2.786
432400769.000	2.790
432501145.000	2.782
432600531.000	2.784
432700919.000	2.777
432800297.000	2.774
432900685.000	2.777
433001061.000	2.769
433100449.000	2.773
433300245.000	2.768
433300245.000	2.768
433501026.000	2.763
433600423.000	2.765
433600423.000	2.765
433800298.000	2.752
433800298.000	2.752
433900690.000	2.756
434100476.000	2.753
434200872.000	2.742
434300262.000	2.743
434400654.000	2.740
434501033.000	2.745
434600424.000	2.736
434700819.000	2.739
434801206.000	2.733
434900588.000	2.730
435000985.000	2.728
435100363.000	2.726
435200750.000	2.723
435301147.000	2.717
435400537.000	2.719
435500924.000	2.720
435600303.000	2.713
435700675.000	2.709
435801065.000	2.707
435900459.000	2.704
436000858.000	2.703
436100254.000	2.701
436200654.000	2.696
436301039.000	2.704
436400417.000	2.694
436500816.000	2.691
436600254.000	2.691
436700631.000	2.695
436801007.000	2.688
436900384.000	2.693
437000756.000	2.680
437101139.000	2.684
437200526.000	2.687
437300900.000	2.677
437400290.000	2.672
437500682.000	2.673
437601069.000	2.675
437700445.000	2.671
437800822.000	2.671
437900248.000	2.674
438000643.000	2.672
438101028.000	2.669
438200419.000	2.673
438300819.000	2.677
438401214.000	2.681
438500603.000	2.670
438600987.000	2.672
438700375.000	2.677
438800764.000	2.682
438901155.000	2.680
439000541.000	2.677
439100934.000	2.679
439200334.000	2.684
439300733.000	2.688
439401109.000	2.689
439500501.000	2.685
439600889.000	2.689
439700264.000	2.676
439800645.000	2.679
439901027.000	2.683
440000413.000	2.676
440100799.000	2.673
440201191.000	2.669
440300595.000	2.669
440400981.000	2.661
440500361.000	2.658
440600739.000	2.659
440701117.000	2.654
440800492.000	2.655
440900871.000	2.659
441000247.000	2.654
441100622.000	2.651
441201008.000	2.648
441300402.000	2.643
441400792.000	2.640
441501185.000	2.634
441600586.000	2.642
441700991.000	2.635
441800385.000	2.632
441900759.000	2.627
442001192.000	2.636
442100574.000	2.632
442200965.000	2.619
442300359.000	2.618
442400745.000	2.622
442501121.000	2.625
442600496.000	2.616
442700892.000	2.620
442800291.000	2.615
442900693.000	2.615
443001079.000	2.612
443100481.000	2.601
443200842.000	2.601
443300279.000	2.600
443400655.000	2.602
443501050.000	2.594
443600443.000	2.587
443700843.000	2.593
443800227.000	2.594
443900613.000	2.586
444000996.000	2.587
444100394.000	2.593
444200784.000	2.583
444301177.000	2.578
444400565.000	2.574
444500956.000	2.576
444600359.000	2.571
444700752.000	2.572
444801145.000	2.570
444900530.000	2.569
445000926.000	2.569
445100308.000	2.562
445200700.000	2.566
445301100.000	2.560
445400482.000	2.559
445500868.000	2.559
445600256.000	2.553
445700634.000	2.549
445801020.000	2.544
445900422.000	2.544
446000967.000	2.541
446100270.000	2.544
446200688.000	2.547
446301093.000	2.539
446400495.000	2.543
446500888.000	2.535
446600305.000	2.527
446700696.000	2.532
446801090.000	2.525
446900471.000	2.521
447000854.000	2.523
447100232.000	2.528
447200618.000	2.516
447301004.000	2.515
447400404.000	2.512
447500797.000	2.518
447601169.000	2.509
447700555.000	2.505
447801073.000	2.511
447900455.000	2.506
448000833.000	2.498
448100234.000	2.507
448200632.000	2.496
448301033.000	2.501
448400444.000	2.496
448501025.000	2.490
448600457.000	2.490
448701048.000	2.486
448800448.000	2.483
448900853.000	2.489
449000243.000	2.488
449100638.000	2.472
449201067.000	2.483
449300449.000	2.476
449400828.000	2.474
449501207.000	2.465
449600588.000	2.464
449700984.000	2.474
449800371.000	2.469
449900750.000	2.468
450001133.000	2.465
450100529.000	2.460
450200930.000	2.457
450300374.000	2.460
450400793.000	2.458
450501181.000	2.448
450600575.000	2.452
450700964.000	2.444
450800359.000	2.451
450900743.000	2.449
451001124.000	2.449
451100500.000	2.440
451200880.000	2.442
451300260.000	2.438
451400663.000	2.436
451501049.000	2.435
451600438.000	2.432
451700819.000	2.424
451801199.000	2.418
451900582.000	2.419
452000996.000	2.425
452100394.000	2.419
452200788.000	2.420
452301173.000	2.414
452400570.000	2.418
452500962.000	2.417
452600343.000	2.403
452700724.000	2.409
452801147.000	2.396
452900698.000	2.398
453000967.000	2.399
453100398.000	2.400
453201001.000	2.396
453300356.000	2.395
453400746.000	2.393
453501122.000	2.389
453600501.000	2.383
453700883.000	2.384
453800259.000	2.382
453900645.000	2.388
454001047.000	2.381
454100453.000	2.375
454200843.000	2.375
454300224.000	2.368
454400608.000	2.369
454501013.000	2.368
454600410.000	2.369
454700763.000	2.369
454801147.000	2.359
454900522.000	2.358
455000907.000	2.360
455100289.000	2.364
455200680.000	2.352
455301081.000	2.356
455400463.000	2.359
455500842.000	2.352
455600219.000	2.352
455700595.000	2.340
455800972.000	2.338
455900345.000	2.344
456000697.000	2.343
456101114.000	2.340
456200508.000	2.334
456300893.000	2.329
456400278.000	2.330
456500658.000	2.329
456601048.000	2.330
456700434.000	2.332
456800825.000	2.328
456901209.000	2.318
457000586.000	2.319
457100977.000	2.317
457200372.000	2.317
457300755.000	2.317
457401159.000	2.310
457500546.000	2.318
457600924.000	2.316
457700298.000	2.302
457800669.000	2.295
457901055.000	2.303
458000446.000	2.303
458100852.000	2.297
458200241.000	2.297
458300632.000	2.299
458401018.000	2.297
458500398.000	2.288
458600795.000	2.293
458701202.000	2.283
458800608.000	2.285
458901018.000	2.278
459000406.000	2.282
459100783.000	2.277
459201177.000	2.277
459300577.000	2.272
459400977.000	2.281
459500360.000	2.268
459600751.000	2.269
459701144.000	2.264
459800530.000	2.259
459900920.000	2.261
460000312.000	2.262
460100720.000	2.258
460201115.000	2.257
460300509.000	2.255
460400897.000	2.245
460500288.000	2.243
460600684.000	2.251
460701072.000	2.252
460800446.000	2.246
460900841.000	2.242
461000231.000	2.240
461100627.000	2.233
461201024.000	2.239
461300462.000	2.233
461400864.000	2.235
461500274.000	2.230
461600678.000	2.223
461701066.000	2.224
461800445.000	2.219
461900821.000	2.222
462001196.000	2.221
462100577.000	2.216
462200963.000	2.220
462300350.000	2.216
462400736.000	2.215
462501117.000	2.215
462600501.000	2.209
462700878.000	2.209
462800269.000	2.203
462900656.000	2.207
463001088.000	2.195
463100484.000	2.192
463200889.000	2.196
463300265.000	2.200
463400652.000	2.202
463501037.000	2.200
463600425.000	2.197
463700812.000	2.191
463801203.000	2.185
463900594.000	2.186
464000989.000	2.178
464100370.000	2.182
464200783.000	2.177
464301187.000	2.175
464400589.000	2.174
464600436.000	2.172
464700806.000	2.169
464801185.000	2.164
464900570.000	2.163
465000958.000	2.168
465100339.000	2.161
465200712.000	2.160
465301088.000	2.157
465400471.000	2.158
465500862.000	2.156
465600251.000	2.155
465700643.000	2.152
465801026.000	2.145
465900423.000	2.145
466000817.000	2.143
466101206.000	2.138
466200585.000	2.137
466300973.000	2.135
466400367.000	2.140
466500767.000	2.128
466601156.000	2.125
466700546.000	2.128
466800937.000	2.118
466900329.000	2.119
467000709.000	2.116
467101097.000	2.116
467200504.000	2.116
467300881.000	2.121
467400290.000	2.110
467500692.000	2.115
467601091.000	2.110
467700474.000	2.107
467800854.000	2.107
467900235.000	2.109
468000618.000	2.106
468101000.000	2.102
468200395.000	2.098
468300792.000	2.099
468401178.000	2.103
468500569.000	2.089
468600954.000	2.098
468700332.000	2.086
468800684.000	2.092
468901121.000	2.090
469000500.000	2.092
469100872.000	2.084
469200262.000	2.084
469300656.000	2.080
469401042.000	2.080
469500432.000	2.076
469600831.000	2.069
469701217.000	2.069
469800610.000	2.075
469901007.000	2.066
470000394.000	2.073
470100790.000	2.063
470201161.000	2.059
470300590.000	2.067
470401062.000	2.062
470500454.000	2.063
470600840.000	2.059
470700232.000	2.063
470800616.000	2.054
470900993.000	2.062
471000370.000	2.050
471100749.000	2.060
471201125.000	2.054
471300501.000	2.053
471400894.000	2.044
471500289.000	2.044
471600688.000	2.042
471701072.000	2.040
471800512.000	2.050
471900928.000	2.048
472000355.000	2.043
472100757.000	2.034
472201160.000	2.042
472300545.000	2.036
472400941.000	2.036
472500339.000	2.031
472600725.000	2.027
472701105.000	2.033
472800478.000	2.035
472900856.000	2.033
473000227.000	2.022
473100610.000	2.025
473201120.000	2.027
473300510.000	2.022
473400887.000	2.028
473500266.000	2.012
473600641.000	2.016
473701034.000	2.014
473800435.000	2.013
473900821.000	2.013
474001203.000	2.012
474100587.000	2.010
474200984.000	2.016
474300375.000	2.015
474400770.000	2.010
474501162.000	2.013
474600549.000	2.008
474700941.000	2.000
474800335.000	1.993
474900731.000	2.000
475001114.000	2.003
475100492.000	2.004
475200882.000	2.009
475300277.000	2.009
475400663.000	2.004
475501064.000	1.996
475600458.000	1.991
475700841.000	1.994
475800252.000	1.996
475900646.000	1.994
476001040.000	1.992
476100432.000	1.993
476200826.000	1.992
476301207.000	1.982
476400576.000	1.985
476500962.000	1.987
476600346.000	1.981
476700723.000	1.990
476801103.000	1.984
476900479.000	1.980
477000857.000	1.984
477100254.000	1.982
477200692.000	2.011
477301086.000	1.978
477400467.000	1.976
477500882.000	1.977
477600265.000	1.972
477700653.000	1.980
477801038.000	1.975
477900417.000	1.970
478000791.000	1.971
478101172.000	1.969
478200567.000	1.967
478300968.000	1.967
478400355.000	1.971
478500736.000	1.961
478600242.000	1.962
478700630.000	1.964
478801019.000	1.965
478900399.000	1.960
479000777.000	1.956
479101162.000	1.963
479200549.000	1.954
479300935.000	1.958
479400327.000	1.958
479500709.000	1.958
479601085.000	1.955
479700462.000	1.958
479800845.000	1.958
479900228.000	1.957
480000613.000	1.956
480101014.000	1.956
480200417.000	1.953
480300799.000	1.946
480401178.000	1.952
480500559.000	1.948
480600952.000	1.946
480700356.000	1.940
480800754.000	1.949
480901147.000	1.948
481000547.000	1.945
481100938.000	1.944
481200320.000	1.943
481300702.000	1.940
481401090.000	1.937
481500474.000	1.945
481600880.000	1.941
481700279.000	1.939
481800664.000	1.936
481901061.000	1.940
482000465.000	1.933
482100864.000	1.938
482200249.000	1.933
482300658.000	1.941
482400242.000	1.938
482500645.000	1.938
482601074.000	1.936
482700475.000	1.927
482800864.000	1.927
482900282.000	1.930
483000663.000	1.928
483101058.000	1.926
483200453.000	1.931
483300838.000	1.926
483401214.000	1.921
483500590.000	1.927
483600983.000	1.930
483700368.000	1.925
483800749.000	1.927
483901140.000	1.934
484000544.000	1.917
484100950.000	1.923
484200344.000	1.923
484300750.000	1.926
484401128.000	1.924
484500568.000	1.912
484600886.000	1.924
484700275.000	1.916
484800664.000	1.913
484901164.000	1.917
485000564.000	1.925
485100919.000	1.921
485200415.000	1.920
485301022.000	1.918
485400409.000	1.916
485500805.000	1.915
485601197.000	1.918
485700631.000	1.913
485801013.000	1.918
485900413.000	1.913
486000807.000	1.907
486101204.000	1.909
486200592.000	1.921
486300992.000	1.911
486400444.000	1.905
486500844.000	1.909
486600233.000	1.906
486700614.000	1.906
486801142.000	1.901
486900436.000	1.912
487000817.000	1.911
487101192.000	1.898
487200581.000	1.908
487300968.000	1.913
487400348.000	1.911
487500737.000	1.899
487601128.000	1.903
487700514.000	1.898
487800907.000	1.906
487900290.000	1.901
488000682.000	1.902
488101069.000	1.898
488200468.000	1.900
488300900.000	1.902
488400315.000	1.900
488500700.000	1.897
488601075.000	1.896
488700447.000	1.893
488800822.000	1.899
488901201.000	1.899
489000584.000	1.891
489100964.000	1.889
489200350.000	1.898
489300732.000	1.897
489401122.000	1.891
489500517.000	1.896
489600884.000	1.892
489700346.000	1.898
489800738.000	1.892
489901123.000	1.887
490000501.000	1.891
490100894.000	1.896
490200287.000	1.891
490300673.000	1.891
490401055.000	1.890
490500439.000	1.889
490600834.000	1.882
490700218.000	1.878
490800598.000	1.887
490900970.000	1.888
491000371.000	1.889
491100758.000	1.889
491201151.000	1.886
491300548.000	1.887
491400930.000	1.880
491500308.000	1.878
491600700.000	1.890
491701085.000	1.888
491800456.000	1.883
491900833.000	1.886
492001212.000	1.886
492100593.000	1.883
492201015.000	1.887
492300590.000	1.890
492400974.000	1.877
492500353.000	1.880
492600729.000	1.880
492701108.000	1.886
492800482.000	1.882
492900867.000	1.883
493000248.000	1.882
493100625.000	1.882
493201011.000	1.875
493300409.000	1.873
493400797.000	1.882
493501186.000	1.873
493600579.000	1.872
493700980.000	1.876
493800360.000	1.877
493900755.000	1.878
494001146.000	1.878
494100525.000	1.871
494200919.000	1.873
494300316.000	1.879
494400703.000	1.877
494501077.000	1.873
494600466.000	1.879
494700852.000	1.874
494800256.000	1.871
494900651.000	1.877
495001043.000	1.869
495100429.000	1.881
495200809.000	1.871
495301196.000	1.870
495400580.000	1.880
495500955.000	1.870
495600348.000	1.871
495700735.000	1.877
495801125.000	1.874
495900522.000	1.869
496000927.000	1.864
496100328.000	1.869
496200715.000	1.869
496301090.000	1.872
496400473.000	1.863
496500859.000	1.872
496700640.000	1.869
496700640.000	1.869
496900408.000	1.864
496900408.000	1.864
497000798.000	1.860
497200577.000	1.864
497300965.000	1.865
497400356.000	1.873
497500760.000	1.868
497601161.000	1.861
497700553.000	1.863
497800944.000	1.871
497900334.000	1.867
498000735.000	1.860
498101133.000	1.865
498200528.000	1.871
498300925.000	1.867
498400308.000	1.861
498500688.000	1.860
498601077.000	1.868
498700464.000	1.860
498800857.000	1.859
498900242.000	1.861
499000623.000	1.860
499101010.000	1.862
499200407.000	1.870
499300790.000	1.866
499401192.000	1.860
499500594.000	1.855
499600990.000	1.865
499700384.000	1.861
499800783.000	1.860
499900239.000	1.857
500000626.000	1.860
500101020.000	1.860
500200405.000	1.855
500300777.000	1.860
500401155.000	1.858
500500532.000	1.863
500600925.000	1.859
500700309.000	1.852
500800700.000	1.854
500901117.000	1.862
501000497.000	1.856
501100895.000	1.859
501200278.000	1.857
501300671.000	1.860
501401055.000	1.862
501500431.000	1.852
501600811.000	1.854
501701209.000	1.854
501800591.000	1.857
501900981.000	1.851
502000366.000	1.858
502100755.000	1.853
502201168.000	1.853
502300567.000	1.856
502401012.000	1.860
502500403.000	1.864
502600802.000	1.858
502701198.000	1.864
502800585.000	1.862
502900963.000	1.854
503000349.000	1.852
503100731.000	1.860
503201127.000	1.851
503300520.000	1.854
503400903.000	1.859
503500290.000	1.851
503600685.000	1.856
503701118.000	1.857
503800499.000	1.850
503900886.000	1.858
504000266.000	1.853
504100651.000	1.847
504201036.000	1.853
504300431.000	1.855
504400826.000	1.852
504501225.000	1.856
504600625.000	1.848
504701026.000	1.855
504800414.000	1.851
504900809.000	1.842
505001205.000	1.854
505100621.000	1.852
505201008.000	1.855
505300398.000	1.847
505400799.000	1.857
505501197.000	1.860
505600586.000	1.858
505700965.000	1.846
505800340.000	1.845
505900720.000	1.854
506001098.000	1.849
506100480.000	1.851
506200893.000	1.857
506300290.000	1.852
506400688.000	1.856
506501164.000	1.856
506600577.000	1.858
506701030.000	1.855
506800420.000	1.850
506900866.000	1.856
507000263.000	1.859
507100650.000	1.846
507201035.000	1.843
507300422.000	1.853
507400801.000	1.849
507501181.000	1.854
507600570.000	1.857
507700954.000	1.848
507800346.000	1.852
507900767.000	1.846
508001159.000	1.849
508100548.000	1.846
508200942.000	1.850
508300330.000	1.848
508400724.000	1.851
508501110.000	1.856
508600489.000	1.848
508700876.000	1.842
508800259.000	1.847
508900639.000	1.854
509001018.000	1.849
509100458.000	1.848
509200831.000	1.847
509301209.000	1.851
509400586.000	1.853
509500980.000	1.843
509600365.000	1.845
509700758.000	1.851
509801161.000	1.849
509900550.000	1.849
510000938.000	1.853
510100342.000	1.852
510200742.000	1.847
510301147.000	1.857
510400524.000	1.855
510500939.000	1.845
510600332.000	1.846
510700721.000	1.852
510801108.000	1.848
510900484.000	1.845
511000870.000	1.842
511100256.000	1.847
511200650.000	1.854
511301056.000	1.854
511400449.000	1.852
511500842.000	1.854
511600224.000	1.856
511700611.000	1.853
511801006.000	1.850
511900496.000	1.856
512000874.000	1.849
512100293.000	1.844
512200689.000	1.844
512301070.000	1.844
512400450.000	1.856
512500830.000	1.843
512601215.000	1.850
512700619.000	1.853
512801011.000	1.853
512900399.000	1.847
513000797.000	1.845
513101184.000	1.854
513200578.000	1.847
513300975.000	1.852
513400451.000	1.847
513500859.000	1.852
513600259.000	1.856
513700645.000	1.847
513801028.000	1.842
513900406.000	1.850
514000792.000	1.850
514101196.000	1.848
514200592.000	1.850
514300968.000	1.854
514400362.000	1.854
514500756.000	1.853
514601145.000	1.845
514700545.000	1.858
514800944.000	1.854
514900322.000	1.850
515000706.000	1.852
515101093.000	1.843
515200530.000	1.845
515300932.000	1.854
515400351.000	1.857
515500858.000	1.860
515600549.000	1.850
515701147.000	1.852
515800715.000	1.848
515901129.000	1.856
516000669.000	1.844
516101059.000	1.848
516200812.000	1.847
516301193.000	1.859
516400586.000	1.849
516500985.000	1.844
516600377.000	1.853
516700758.000	1.847
516801151.000	1.848
516900532.000	1.848
517000907.000	1.851
517100306.000	1.853
517200705.000	1.840
517301090.000	1.851
517400477.000	1.850
517500872.000	1.850
517600265.000	1.854
517700666.000	1.842
517801068.000	1.853
517900452.000	1.853
518000833.000	1.847
518101231.000	1.844
518200635.000	1.843
518301037.000	1.843
518400416.000	1.842
518500799.000	1.844
518601184.000	1.846
518700575.000	1.849
518800974.000	1.849
518900360.000	1.853
519000737.000	1.846
519101110.000	1.852
519200500.000	1.851
519300884.000	1.845
519400261.000	1.850
519500648.000	1.845
519601040.000	1.854
519700565.000	1.852
519800851.000	1.851
519900273.000	1.846
520000690.000	1.845
520101080.000	1.855
520200477.000	1.841
520300879.000	1.843
520400275.000	1.845
520500661.000	1.857
520601039.000	1.854
520700420.000	1.849
520800806.000	1.847
520901196.000	1.852
521000581.000	1.845
521100983.000	1.848
521200364.000	1.846
521300754.000	1.849
521401143.000	1.846
521500529.000	1.845
521600908.000	1.845
521700300.000	1.848
521800682.000	1.843
521901058.000	1.850
522000433.000	1.843
522100820.000	1.852
522201216.000	1.852
522300616.000	1.843
522401002.000	1.847
522500386.000	1.852
522600774.000	1.852
522701169.000	1.844
522800569.000	1.845
522900946.000	1.852
523000331.000	1.853
523100738.000	1.844
523201121.000	1.847
523300496.000	1.853
523400874.000	1.849
523500253.000	1.846
523600643.000	1.840
523701041.000	1.851
523800424.000	1.853
523900804.000	1.845
524001200.000	1.845
524100595.000	1.847
524200990.000	1.845
524300369.000	1.854
524400749.000	1.850
524501124.000	1.849
524600498.000	1.854
524700886.000	1.845
524800280.000	1.854
524900663.000	1.848
525001042.000	1.845
525100425.000	1.855
525200825.000	1.851
525301221.000	1.848
525400608.000	1.842
525501001.000	1.850
525600399.000	1.850
525700826.000	1.849
525801224.000	1.857
525900621.000	1.856
526001017.000	1.852
526100405.000	1.855
526200784.000	1.855
526301166.000	1.849
526400544.000	1.847
526500943.000	1.842
526600334.000	1.848
526700724.000	1.851
526801132.000	1.854
527000970.000	1.848
527100358.000	1.851
527200733.000	1.851
527301124.000	1.845
527400525.000	1.852
527500925.000	1.852
527600322.000	1.854
527700729.000	1.845
527801119.000	1.844
527900495.000	1.855
528000870.000	1.853
528100249.000	1.844
528200644.000	1.846
528301023.000	1.854
528400404.000	1.858
528500786.000	1.848
528601167.000	1.853
528700558.000	1.847
528800945.000	1.855
528900337.000	1.848
529000719.000	1.848
529101112.000	1.851
529200495.000	1.853
529300876.000	1.852
529400324.000	1.848
529500706.000	1.850
529601091.000	1.855
529700480.000	1.849
529800880.000	1.856
529900260.000	1.852
530000657.000	1.853
530101056.000	1.850
530200456.000	1.851
530300847.000	1.848
530400232.000	1.845
530500625.000	1.853
530601018.000	1.855
530700400.000	1.853
530800797.000	1.850
530901201.000	1.849
531000587.000	1.860
531100972.000	1.850
531200365.000	1.848
531300747.000	1.849
531401128.000	1.854
531500499.000	1.852
531600889.000	1.852
531700290.000	1.846
531800692.000	1.856
531901075.000	1.847
532000456.000	1.849
532100849.000	1.854
532200241.000	1.852
532300629.000	1.846
532401018.000	1.855
532500397.000	1.853
532600787.000	1.851
532701185.000	1.853
532800584.000	1.851
532900982.000	1.846
533000375.000	1.857
533100779.000	1.845
533201180.000	1.852
533300577.000	1.851
533400965.000	1.851
533500461.000	1.848
533600850.000	1.850
533700269.000	1.855
533800694.000	1.852
533901090.000	1.857
534000500.000	1.855
534100895.000	1.847
534200289.000	1.850
534300663.000	1.853
534401057.000	1.855
534500445.000	1.854
534600829.000	1.858
534701203.000	1.847
534800595.000	1.856
534900978.000	1.852
535000401.000	1.851
535100789.000	1.847
535201189.000	1.851
535300579.000	1.853
535400966.000	1.857
535500347.000	1.847
535600740.000	1.852
535701127.000	1.850
535800511.000	1.850
535900895.000	1.857
536000292.000	1.855
536100687.000	1.851
536201061.000	1.854
536300453.000	1.854
536400873.000	1.849
536500259.000	1.856
536600650.000	1.846
536701043.000	1.847
536800428.000	1.853
536900817.000	1.859
537001218.000	1.854
537100617.000	1.845
537201014.000	1.855
537300400.000	1.857
537400779.000	1.845
537501172.000	1.851
537600576.000	1.851
537700964.000	1.854
537800378.000	1.857
537900759.000	1.853
538001157.000	1.851
538100549.000	1.856
538200941.000	1.857
538300315.000	1.852
538400710.000	1.857
538501107.000	1.858
538600504.000	1.845
538700887.000	1.851
538800271.000	1.848
538900649.000	1.857
539001029.000	1.852
539100422.000	1.845
539200839.000	1.855
539300238.000	1.853
539400627.000	1.855
539501017.000	1.855
539600385.000	1.858
539700777.000	1.853
539801163.000	1.847
539900549.000	1.852
540000937.000	1.848
540100321.000	1.849
540200717.000	1.854
540301113.000	1.852
540400511.000	1.852
540500922.000	1.856
540600323.000	1.850
540700703.000	1.852
540801104.000	1.855
540900500.000	1.856
541000895.000	1.852
541100279.000	1.852
541200661.000	1.844
541301049.000	1.851
541400439.000	1.845
541500844.000	1.852
541600220.000	1.849
541700605.000	1.849
541800988.000	1.845
541900385.000	1.849
542000769.000	1.848
542101179.000	1.855
542200577.000	1.853
542300933.000	1.848
542400339.000	1.852
542500738.000	1.855
542601122.000	1.854
542700515.000	1.854
542800913.000	1.857
542900302.000	1.858
543000689.000	1.853
543101066.000	1.843
543200444.000	1.848
543300819.000	1.858
543401210.000	1.851
543500614.000	1.846
543601071.000	1.853
543700487.000	1.860
543800885.000	1.848
543900293.000	1.857
544000683.000	1.853
544101085.000	1.854
544200490.000	1.859
544300891.000	1.852
544400291.000	1.854
544500682.000	1.856
544601084.000	1.846
544700478.000	1.852
544800878.000	1.853
544900287.000	1.852
